001 5.7 -10.7 0.0
002 28.589663079825996 -10.016072198401076 0.1292713644809002
003 30.877371597377998 -0.5272850129267193 0.1464179296683264
004 13.734475682966828 -0.9328352729179066 0.06882233407528979
005 23.61447643455081 -3.981353608717955 0.16805562025558554
006 27.74766099477011 -2.2292123428673687 0.07901543349404995
007 18.36912257888934 -1.7147467826469003 0.00502313005541262
008 26.033189439850812 25.0 0.6916111406246748
009 19.71758484202441 18.7 0.570505822843006
010 40.95928387117086 40.0 0.4076819763927729
011 17.824215093322675 16.8 -0.18578732178462617
012 36.78681739724945 0.523691753679767 0.4240567136032032
013 39.17832925726365 13.192466488556477 -0.30366453538554544
014 39.20323078853033 13.804800340714145 0.22623479018074508
015 50.232357985579725 49.2 0.11367161089193233
016 39.55458292658817 12.76232391819515 0.10070124378598642
017 32.07637930861956 31.1 0.2696545806115619
018 39.25671230414653 17.020604042384953 0.15435377631116645
019 31.797384209288033 30.8 0.4808903411654006
020 32.10947570128772 18.5894029464681 0.3080409048048923
021 30.37700741522292 17.44092820536209 -0.20106733359177104
022 39.5462078785891 19.734019107340853 0.08756247869044004
023 50.203996619163306 11.599001170364811 0.3952681740612536
024 27.67251462810007 17.26411649688609 0.17945485156975516
025 40.75380751743286 11.977667143024426 0.16231293408836647
026 45.602928299151046 29.982808661612275 -0.12177868584272683
027 38.966013576920126 19.762521215518742 0.16916178857944497
028 34.02022333154915 21.958786569693615 0.10180501000434866
029 45.35798025131029 21.033867111142982 0.0721769226171512
030 43.02514891788207 22.22883120377151 -0.06045945885265541
031 43.702213289819 17.057596604336663 0.1034982178061293
032 43.99097410040786 20.61970654178527 0.37152870637240665
033 42.122458284782766 11.174186307786744 0.20097693248829934
034 44.19700413016509 10.59651966598468 -0.04147956891673654
035 39.369985764829565 22.70967881550936 0.33652877970026646
036 46.223228887563266 12.987706220446414 0.3359869769181324
037 43.41727448894839 19.876717802853317 0.20609062918823767
038 27.58795001516244 15.314882430688494 -0.0349669928909411
039 44.271805858703075 18.091889200077066 -0.050412234981429827
040 36.79640107320933 17.96068645961126 0.194192751305663
041 34.14981026090392 22.49555661382943 0.01757074141438897
042 43.70512351108239 20.16873132729581 0.014141167710191548
043 37.94301281547714 23.59859099529374 0.04761793893197908
044 55.15772550890888 10.540469324070514 -0.12279968155282144
045 42.94306293494592 13.301099876578707 0.13179820869091372
046 49.71868091097818 16.51413382744234 0.0
047 53.34361569213572 11.87902609875077 0.0
048 51.02391871661169 14.856756660147404 0.0
049 31.311324715482332 20.200668257210317 0.0
050 39.50053462018495 16.061771656545172 0.0
051 45.70834087799139 16.786535289618982 0.0
052 39.74701559210633 16.000863306890967 0.0
053 40.83306138872166 39.8 0.0
054 53.749103113562334 14.185885521635182 0.0
055 40.20287930085367 15.446446890868419 0.0
056 54.96684388132087 22.000904300505784 0.0
057 47.31677495020259 46.3 0.0
058 38.70775994450099 17.986197266371658 0.0
059 46.961379402655766 13.8229470973858 0.0
060 27.98400475097951 23.31395429043927 0.0
061 33.23061871465318 32.2 0.0
062 53.47259623118424 18.688630349040118 0.0
063 45.022051686045685 23.195828786793058 0.0
064 49.811414859474084 20.18890675810784 0.0
065 21.059496204056302 20.1 0.0
066 14.257650791205357 13.3 -0.1637721533924914
067 51.66308000757674 4.791373582180645 0.005424035403988253
068 48.365377311053805 12.281051348267749 0.08726046103044174
069 37.66692173326579 36.7 0.30232231603356097
070 33.91284277926744 21.97513766069794 0.5329714785620749
071 37.87085602451217 10.561493990121985 0.1672109025262998
072 50.874050295095046 21.369758701538448 0.2903513840005874
073 55.03694597255159 2.9353080336846276 0.04762218515781233
074 51.38996191637198 18.572877606684447 -0.3989002265119127
075 46.57136023084826 24.407972543923798 -0.011293568082027167
076 56.91995705799614 23.123279349129852 0.4275469784270625
077 52.72466993199673 18.91614559281999 0.648815115233242
078 44.91983514328622 13.718770011328944 0.30099552520490713
079 40.92337116626192 18.703505724131727 -0.34541707719118186
080 46.70475965780792 24.68246673168722 0.1341815700918169
081 37.08600574535312 18.108479685699677 0.40619144029686727
082 41.56208551142977 16.05838509947026 0.07312327301202629
083 49.30606728325146 12.3694908691914 0.11722367218559049
084 58.429615120143204 23.354852652486798 0.8982071841290347
085 51.193006030240845 24.975642755982907 0.23668258649415025
086 48.83156521833832 21.996226826218148 -0.055066587458145105
087 47.20143140214498 23.577248902682285 -0.08781504040727281
088 43.89840685966812 20.50123008153153 0.07591820925070072
089 54.007002548224314 20.71682193207639 -0.1481308983434518
090 58.47883249339071 23.559585507707403 0.03711092420645529
091 55.136101013872384 26.75576997238497 0.13860156463500925
092 56.891403519246744 32.205151587760064 0.12478191573526486
093 52.63554429571865 26.12373485924178 -0.0035246628444744743
094 54.41768532866023 23.99495478244144 0.08666708314965735
095 60.542583455952965 25.057549513350335 0.16574899943597282
096 63.22534432607635 24.47575376564609 0.2199718528329796
097 53.5313095956248 26.005601627898738 0.13258959254424313
098 53.56823847913896 32.967105244008714 -0.1331916193693041
099 56.21288095512238 24.977161626498834 -0.13894715847607125
100 58.02335416506429 30.08648773373587 0.04996672199233611
101 50.50163396388679 31.72367302668622 -0.008241723357150822
102 47.88503413688677 25.863200648079648 -0.039761943248928754
103 63.57152661594762 27.269177552842542 0.10052962959711731
104 55.26583244911927 28.855544010835466 0.038315935372051045
105 55.46662165309909 25.135885227643612 0.05301361710774807
106 55.229889004854726 28.225927869815386 0.024589560414191827
107 59.07577586617571 28.257519618592546 0.18030043851922292
108 63.166113188121905 29.099216948573424 0.051345751424454224
109 50.861632303379714 27.94811653848746 0.013222868311675297
110 59.0543992416237 31.0220794244061 0.0
111 66.84588966746827 31.19482972256768 0.0
112 57.675035994959046 46.09598437960279 0.0
113 55.550512365217266 32.297692253589645 -0.3776312564522083
114 61.526417932129476 28.189348653552873 0.5815392575365741
115 58.65962665706386 30.885914185462685 1.8094731412545393
116 50.247369972728436 31.511796738502976 -0.19707811310958856
117 60.02222207193938 35.48340969375636 1.2504043041878217
118 65.66424195743298 43.233645261735624 -0.21016806284151968
119 64.071992015658 34.593454164403084 -4.30145681718507
120 60.66050178690244 41.30846516157866 9.173850931168747
121 64.3923126210321 32.488245205207136 7.3431891024227
122 73.91254127331658 35.65592769956352 3.845321287723437
123 64.77720309707863 33.160705008179185 5.581762155955819
124 75.93716984094985 41.53304545831141 -5.921665166711108
125 62.767979050978795 37.53414495260185 5.62935004151706
126 66.29036522719139 40.65171012723364 7.540216728028497
127 69.92728955466953 31.919848043676886 -0.9506183722964101
128 64.72226638125562 43.500337276599076 3.4082397209723276
129 65.7740666802975 38.48110575280344 12.692895693148913
130 77.32888657079194 46.397827499195024 -2.47490932005908
131 70.1100212205649 40.01474649173215 6.3931570405576466
132 59.26823260144979 47.83320324028811 15.593999249179623
133 68.9896037641444 42.48371188490472 11.84054663630629
134 71.39827886050912 41.7801978818989 7.492156625317637
135 65.00312208176872 43.29909968222268 2.754719669648106
136 73.1581808049572 46.114036063385434 7.95055352722062
137 77.57914985520812 38.07779549008356 8.49927908039744
138 66.6268151744762 40.561403517708484 -2.295698141233248
139 74.21612618187883 45.44057074894882 3.9145881208244155
140 75.00984919898295 45.56344360929497 -1.599707757882825
141 74.91299976455268 44.613426640619885 -4.457303049402714
142 77.79475969681604 36.91392749906521 0.16591437273022058
143 68.8074698748516 42.32435087670612 -0.06237966673585027
144 80.99848619536316 48.68649164064781 -0.10497954857939251
145 80.53721627952294 47.44882563311069 -0.14077950814074547
146 76.14776173366845 45.67635359344926 -0.1994656677250226
147 76.05465762240415 43.45236660177149 -0.8803904860167371
148 72.44361088452713 48.58356653691299 2.1749193766687682
149 71.57176572637447 49.58944001626333 0.7649765476300385
150 84.2982000482378 48.96853750379361 -1.238154240433456
151 61.63164210424706 48.03977686857705 0.5302869588596995
152 82.6444943729226 43.116352793542625 1.3259996802931582
153 87.17085185489913 42.921828136175236 1.506507973134249
154 76.57222515735502 41.41667838879778 1.8699300336500353
155 74.68441894076487 45.68765728577254 2.9597585526322923
156 80.21793354298354 48.68742141846537 -1.2456643290720169
157 83.47484201703782 45.700504190080984 2.725658540384016
158 80.01980455029087 55.21871661526342 0.7525184451386597
159 65.93765268142822 51.3378242556329 -1.1568497728092493
160 80.08422589159663 53.31224574721254 0.3909986337702791
161 72.11415773741965 47.85723355990935 -0.043000470766574095
162 71.43168648640246 52.80376064449902 2.994226244076792
163 80.5245027746655 48.94078916088452 1.739708495144206
164 81.63971744738576 45.873939049529255 3.0170154370042273
165 75.18363730916643 51.43752268419469 1.6718177659013336
166 86.71172959351657 62.86453961616157 1.0046252425817737
167 89.01951426878702 56.44187924661403 1.62325951773466
168 84.28603489917506 52.44043218675705 3.368892876134268
169 75.18506607710431 52.68822953048511 1.865126539423885
170 81.16420198051347 56.98636977554433 3.0902464301147585
171 88.42133550767838 52.45003739865935 2.1792372383579126
172 92.69343336989736 62.82491875806921 -0.1295943189256481
173 88.47868073160899 60.569332445527905 0.45212481617386824
174 90.51091435975971 68.65115368241044 0.022475676134436462
175 81.94749891382953 63.434551632131544 -0.4561971013600826
176 89.95887785859462 62.0683108307673 1.0637207245229032
177 86.26414234463772 57.86674086054432 0.8486060343635563
178 79.85054099486031 65.49706638046723 0.07905275441131229
179 93.19304887497783 63.73377523355081 0.014680613270533745
180 92.52428254520727 60.112268413612675 -0.006674541443664157
181 96.11580370880421 59.060898873279584 0.04841310692917378
182 88.87898390551689 58.686057116149236 0.015307620877218861
183 91.90586425568233 61.72321658010013 -0.692079248741742
184 90.84094731555375 62.86577045798919 0.4160187517110008
185 91.25284620640466 66.17765732804341 1.8566001799791334
186 92.18762621451889 65.03443569581628 8.374541402686246
187 88.50212581253615 63.274525590688285 9.335067916311367
188 94.5514729829431 63.55958174242251 6.718999068621915
189 83.53766354373234 69.04460359172354 1.4015413273189936
190 88.02060827303417 67.67594227021581 4.306842593871773
191 86.94163884525177 62.58639727429285 5.3207046866612355
192 88.56656906941339 62.31798529093306 1.6130236683876307
193 84.46709657178073 64.07836965454 3.2625465391864004
194 87.86896985992563 64.72385867514954 7.708379286721402
195 91.91744432897872 64.34045115057086 -6.742096414483367
196 98.02192609351415 64.94719944221335 6.181851709442736
197 83.60244730416835 65.48663834486862 -0.23860393288600612
198 93.01403820781512 63.19088517538788 6.533907589543176
199 88.3323330437325 68.01056345026606 6.586315476374075
200 89.51006945909609 66.3249063926315 8.697073193039035
201 94.28495937190056 63.88335443685869 2.3729131876066987
202 92.15344404296654 62.24571168398358 4.871225455056272
203 94.59060764352334 64.04293961190348 7.081471746206847
204 93.30052498508645 63.6536042447471 5.178843584943505
205 99.3566400130354 68.3368143926143 7.221324908157458
206 90.50947747436462 68.71380175481642 3.5282352532909873
207 87.59083824586361 63.045451125594276 6.907751646197085
208 96.65736531353554 62.24762843466503 2.787056802276324
209 92.4395754399261 63.72024033109913 10.990439199898958
210 89.81803007311912 67.19460544800592 2.2554372036953496
211 92.14631802025553 61.75846012481696 4.959488542828757
212 91.50695068602101 59.95138542354346 -0.41616697894251775
213 90.08702627580462 61.07428636452412 4.332955412856
214 95.54417750488902 63.62022008009973 4.308056441569084
215 84.3825919404193 62.47403054597833 1.8029252720818079
216 91.15476517106762 66.42281893987585 2.362691621583676
217 91.38540618859871 63.58972191642722 3.987966965244331
218 89.77256579323911 64.2517536397539 8.325537783854973
219 93.26982651944282 60.61718861201267 1.4519849938952043
220 83.2677755288205 63.58385885044201 4.557863713747702
221 98.15741743570024 65.39732199450174 6.67308786752802
222 88.60480407183287 69.29473611201608 1.5487042091441285
223 90.46342409495624 64.83168723744198 -2.322473806693419
224 81.59820774864802 59.61758530911377 0.7739306730214017
225 88.84627383668058 63.35044321500437 5.053675203120257
226 98.18783233409258 56.24420153710601 3.0245293356758065
227 89.2780899039562 61.03514610489425 4.545041834925641
228 87.75454346123166 62.340268254895825 3.3813567274580802
229 90.11634266346996 60.76674220803201 -0.0496126407764077
230 91.59813983077154 58.81647616719367 0.9524998487128494
231 90.04410347349288 59.73518521814943 -0.6868148755727277
232 87.12797388263941 56.44692947080435 0.4055600078131277
233 94.44868232413152 60.757286715421735 1.2787158125870965
234 89.06235483605873 64.48831189482362 0.7809615790551232
235 81.8402252858408 57.392009465231496 -1.248317926970362
236 91.58354510588875 64.95839377735088 1.234156960323644
237 86.98189505735273 55.54542023245992 -1.6532110076476303
238 91.13010756031215 56.95570717553395 2.8749195732305757
239 89.36600188239944 59.08926167761025 0.16182873745463094
240 92.43002840291882 57.17602645112405 -2.5886820612584893
241 90.6600230627802 60.248875355749284 1.370182709846234
242 90.36881365712776 63.96225897212232 -2.1002624348935957
243 90.74361072351743 61.026446734198245 2.3518711872822866
244 83.35925200276641 58.48385132086612 -2.4186817257345448
245 90.03730729302004 56.653948281470136 1.8006485477456742
246 89.34937488456265 53.595984438128276 0.629084926457903
247 91.2993226331955 57.446309675304185 -0.05948358431610698
248 88.25115422953044 55.44654651112233 0.2600803527868156
249 89.19807588266667 53.70115172696465 0.029404150556636706
250 92.29846505539564 56.1418010063999 0.16945487084880761
251 93.75593063282747 58.39414916054924 0.26012933079138206
252 88.65454691132045 52.884270934685965 0.23054793722762185
253 89.2840380389323 53.05782292525555 0.801848383356895
254 96.55096617049497 50.514973689229386 0.29711040990673343
255 82.78313178943385 56.7367659837039 0.4416510261137626
256 85.8380504634779 47.45265071497366 0.885441132046099
257 91.44758379137492 52.203779512379434 0.12386144951000444
258 87.81243505473898 62.71113979775595 -0.5103550411747366
259 88.95152481807304 59.71493225488682 3.0286995434015687
260 86.54609487273972 55.53221406467208 2.7308544713204705
261 88.38426871680578 58.8741293860384 -0.636112593989113
262 89.40370979135844 43.43677949717162 -0.8657320062036877
263 86.02395224296518 46.647629065710255 -0.7101617016473987
264 95.93430431610159 52.782048166181966 1.4684304162450217
265 82.23822472107771 52.282558780074 2.5860686374863615
266 83.83296091967307 55.296426216102255 -0.8184311394729018
267 89.17343930213197 47.411902316268325 -2.1034759483776084
268 85.7387183585019 46.362735643347115 1.637677959888436
269 76.75004953621158 55.427100953479055 2.8617633278313006
270 80.02275692611802 48.92079895681291 0.5372422108506635
271 77.54981928594961 47.84675043608515 -0.5202604337456591
272 79.55684838900257 48.033614230231336 -0.7936079590230369
273 80.20651752511203 51.56194107599984 -0.07429366423077977
274 86.96096825741472 45.16989533610952 -1.4232571416161668
275 77.65088272039605 46.717420745482194 0.48036120018827255
276 81.13203443019819 41.317464752764266 -1.2518932521857051
277 81.3192565467112 46.96429278100466 3.27420716978472
278 84.84480680720839 49.33951177639776 3.1172389128667692
279 83.2055144013352 49.539676553722835 0.5405168920338635
280 74.45097311977726 50.00250376267592 1.5690818046990196
281 79.58117287615681 46.97702674063248 -0.428418668995291
282 69.6772255428081 48.33566483235481 2.2362633033985126
283 79.46642414545727 43.70622277516179 0.9463214857431189
284 82.34896475752694 42.18799898498736 0.7482544331248776
285 80.86057194508169 35.76349226720751 0.6017881953004172
286 80.54840187523382 43.38038265981427 0.3205609356340401
287 84.34919202451549 42.22707870783594 0.17009627198791455
288 67.58021576105078 43.21956116619801 1.30078399202401
289 72.0029134728959 43.11922576176792 -0.8796630610323368
290 68.9847017491946 35.810872107615296 0.7802379670171256
291 76.77797034298882 29.55397998191986 1.1775940578219593
292 71.71909914240578 44.147895824560806 0.8396430613046103
293 75.11830823890715 45.668113566006795 0.19050069128443992
294 66.43499401935217 40.16344540325098 2.7186492248706164
295 62.694378123537334 39.967933332239994 2.1708613029848363
296 75.71913828687028 34.80638836728308 0.375242772002586
297 68.95347212905475 36.72723708802316 0.5227703914480758
298 68.69719635079181 29.76817134307114 1.7650858262065516
299 71.55016064035613 26.103228875503966 0.8113672227517867
300 62.82430092894499 35.298814216547 0.018011253354594386
301 60.796288306062394 33.64305137022259 0.0032879945606654956
302 65.54090626336915 30.168140334464365 0.025566881856414266
303 61.501540557804276 24.692666327519007 0.014695625569191123
304 62.80100214805514 26.624709496085412 0.04795014195881008
305 69.85641061474419 38.034192824320186 -0.008031194500312911
306 64.67982555903784 32.40278836472483 -0.01095521690753317
307 63.76898639549206 36.096611555555086 0.03184230465188949
308 63.52570345567754 36.36792960745473 -0.3811769559411968
309 74.46999345374368 33.61855586749944 0.9546354103074045
310 68.900703862603 30.273253942933728 0.33596427777096594
311 56.68654432597291 35.91326514600428 0.8439842327933705
312 59.68198974393262 40.676832953351465 0.14637503265194612
313 59.85749946674011 31.389326605215732 0.44428094821253483
314 62.01940542479153 30.431048812477513 0.8222921109151917
315 44.29795996886133 31.039609850631354 0.8732497925792924
316 49.64130620559247 35.15070495697002 0.5481202636462676
317 54.811556479775085 20.023297155518907 0.5113004103629835
318 60.16079085904977 35.90011175833552 0.11500712502982918
319 54.14720258584265 18.669931392585173 0.8506414961914972
320 43.14489441308933 31.807208189116675 -0.07177793959846746
321 49.37441048487841 21.06971611078009 -0.12381705193039755
322 45.5024467255813 44.5 0.37869892819757806
323 43.32048576996023 30.130644679716763 -0.5289774127789713
324 28.413378273749125 19.580458846554745 1.3231503237257003
325 43.96067704366304 18.44258308242177 1.2355990147931748
326 56.89651065779289 24.564030582206755 1.6357845884437936
327 32.71247265209975 25.53169004056384 0.5585816837810638
328 51.1449312403784 19.385072338391197 0.0
329 48.95571620789177 20.31610081098809 0.0
330 31.10710418548532 15.258046141837394 0.0
331 56.59740847315683 13.683433792750595 0.0
332 48.31455956852167 14.491375737875785 0.0
333 51.536803511539716 13.218485636085786 0.0
334 37.203271387301406 13.243472525375335 0.1326748431211947
335 35.837699452258335 21.69592251267737 -0.048898176274923814
336 48.3824240736954 17.930264754831438 0.08789406396222116
337 44.23083883203719 17.483473064519856 0.12339849581819479
338 37.407114175446814 14.303360548780324 0.015169765159879903
339 36.82424144738998 15.24734681503013 0.07524282127627221
340 39.01939312775567 20.774491600705645 -0.022076039496018364
341 49.437737263072684 18.186277384221146 0.10874082150648504
342 44.69075045175844 17.244685158710045 -0.0072051009401255806
343 47.004670115550354 11.545578130258876 0.23036915766375182
344 47.6978341253855 19.19751369211244 0.3257173010762225
345 48.77957941582453 16.932047030406842 -0.10199043494092784
346 53.46115924072868 17.277932956597496 -0.21522919025358117
347 43.73333909928798 22.90148058650409 0.5304815575756657
348 38.233261681189774 22.89690812072565 1.2603528981338321
349 44.27783541548105 15.21992807198107 0.9773525416521058
350 44.91897659763656 21.067812788631507 1.5693795797031806
351 43.16604083341027 42.2 0.11231246316288512
352 36.31457099338995 18.07662210654991 0.7739483789465492
353 34.524284956183635 11.385806241689492 0.7671143591577443
354 40.3954462161146 13.267433886874912 1.4457402305266538
355 37.91892949783223 14.444384182606015 0.7559243989804139
356 24.821232244124225 12.99086663358874 0.6094991405722303
357 37.08842768110208 1.286061352307236 -0.064879784817022
358 24.034756107662865 23.0 1.7962730702505785
359 35.07917071599732 -4.672447436277485 -0.14049495495636416
360 25.83921537309771 24.8 0.37660362259760227
361 39.73839889424471 12.991104213960684 0.9909370107983397
362 28.228844191105523 -1.970791913235315 0.9609608684198194
363 27.38211993891081 18.078174161490107 0.8618850939125855
364 44.02935469308731 12.263504757741137 0.5265662936735794
365 20.277514739243376 12.580326286262633 1.00017877074486
