001 5.7 -10.7 0.0
002 14.94231671871533 -9.801041377186523 0.14849426717253444
003 32.43061862916586 -8.767664796962451 0.16460719068085966
004 29.345049842095655 28.3 0.04767915544300695
005 35.08732709538305 2.7402604406569546 0.07731083549160415
006 7.701833198579532 3.3335949273776646 0.04991832522443872
007 26.87261057592351 2.6610150739691107 0.051659918048045636
008 26.132826441617635 25.1 -0.20437849846801176
009 16.883131082140586 -2.288383706429311 0.5078206860023482
010 27.880049171396735 -1.1198466189407128 0.7389076291678377
011 19.35773790756445 18.4 0.3131577446727847
012 35.49187433694198 34.5 0.3344484795735085
013 38.825336312379804 23.150408568273527 0.2965490785981856
014 39.64564447117856 16.885592929926258 0.12534529982918435
015 46.42898755137924 16.826317419071856 0.3559312144132439
016 45.8987769004981 44.9 -0.2525359572962901
017 42.1848263150649 41.2 -0.0951982088453244
018 39.273265787477 12.225088168879171 0.11263425379767375
019 46.19657911049271 3.7269971805263644 0.11031142046748935
020 36.056642407277465 35.1 0.29825301415340466
021 45.12066241669239 44.1 -0.11444775918509523
022 49.431009086538474 28.075620422034937 0.1946541757285596
023 38.3842447007844 37.4 -0.08259274361980509
024 33.784008813609645 32.8 0.03645215068047583
025 51.53822951727662 18.751250610347363 0.2470745326280205
026 44.13234469034085 19.331900311191124 0.07422560981778967
027 39.773116626096616 26.298340031560347 -0.12011600115003757
028 50.80455386594541 24.62838400600963 0.05617795392075017
029 48.46100413604153 17.820004563575125 0.03959155043833659
030 50.33993421533772 19.7118957119246 0.22192335019729972
031 48.712296974058575 19.122775766716646 0.14488919215517013
032 49.495840312865276 14.87900377145947 0.2004706088520887
033 46.12019181147063 13.584864187819942 -0.21625079900511282
034 43.06377190978214 17.249468626420843 -0.05132906771935336
035 40.565400878207534 19.23389893395374 0.05387009565657533
036 34.70633451807731 13.40137600855267 0.0011988103644811898
037 41.26320596990982 15.364558653922494 0.1625989047702543
038 38.13021782167159 37.1 0.10831145549239926
039 43.22673434830313 12.662533803741955 -0.04393724223118503
040 49.41092655476948 15.293103816446324 0.4167045850237254
041 44.559554814439906 10.961733084622523 0.37527175470300034
042 35.712775936519634 14.506716148741909 0.06323079640685295
043 50.483703514261535 17.92272038028038 0.260638830139025
044 48.09492014313907 16.307849968834553 0.2292449895431264
045 42.74933778040929 41.7 0.31546201356069264
046 42.9710145306719 17.79383376780047 0.0
047 41.08918101713501 18.423455547819646 0.0
048 50.60869852603753 17.085010406275845 0.0
049 45.06334008374485 12.396532519112982 0.0
050 50.6000163901536 22.603633281655597 0.0
051 44.28328386741946 21.180083369978284 0.0
052 47.00301158171128 20.71801170754289 0.0
053 33.935498728866044 15.843898414266677 0.0
054 57.10485153823052 11.547006850727385 0.0
055 38.55884191060437 37.6 0.0
056 62.599689279585384 24.589314277127336 0.0
057 53.026970448038966 22.745002907889727 0.0
058 29.952575480685333 18.644947223890142 0.0
059 40.88522442524869 39.9 0.0
060 48.91728499493216 47.9 0.0
061 34.24846620872799 33.2 0.0
062 63.12275596979819 13.224156937939977 0.0
063 37.16320989540022 36.2 0.0
064 25.15908427604001 17.028083088267692 0.0
065 57.76059438863272 14.507052111181853 0.0
066 29.355512071170644 12.380981094882749 0.677750642302607
067 52.556557434300764 15.384173184140822 0.053437450276445614
068 46.19869991668039 11.409883700486475 0.12552236088574154
069 51.99441830759102 13.051502364400752 0.06634799862947013
070 31.871163910224173 30.9 0.4636210219585555
071 35.30434957426438 34.3 0.5472488748839576
072 23.564954012376024 22.6 -0.4976059604277464
073 37.57676344263016 19.66304371245662 0.06496373227008054
074 38.29984445226246 18.610047551255278 0.3936506712853626
075 49.77974316086356 19.082286460484067 0.28481315683456987
076 40.836160208386765 15.340579371213533 -0.1667207250521142
077 59.27004374633023 26.42148523745999 0.39662599799726284
078 52.0590492126078 22.20008764152012 0.00478652268000862
079 45.62714864788493 20.66672021499146 -0.12313341209736925
080 47.51897441423329 21.895545262418167 0.21987107753509402
081 54.49644498843568 22.166932500606308 0.24638115854414333
082 38.12024623390513 17.48272688185007 0.45295940458204
083 48.5575591819511 16.763360097372704 0.5510170789907365
084 45.89615060714438 26.579181119723582 0.6793424285549214
085 50.708251388479056 22.562178515943533 0.46748404683791167
086 51.600529707092015 33.79053503097607 0.16660375655592655
087 44.39850143557202 28.120926993963657 0.11401301120238612
088 57.28415619114763 31.847282656031723 -0.0009213310794889684
089 48.591898189731914 28.510692538861534 0.1268232365657318
090 58.47315848328194 25.72854363946793 0.026739343394410753
091 55.640339071903824 26.322713245330394 0.167353334178815
092 53.326053556834985 27.81546733310339 0.1767548335816714
093 52.03094663554204 23.639028333601107 0.059481473856404544
094 59.861939306829626 24.576589276898886 0.16068095605351676
095 58.26701510570813 30.132036924927412 0.05038618276560376
096 54.58150422386605 30.286291426987642 0.38233521034655515
097 56.77143274907919 29.532298435668658 0.09145291561441383
098 53.60237556660635 28.046066755326954 0.36494000731467247
099 54.28217113761784 27.61867473648653 0.32325927945112193
100 56.13244177732145 28.455267471167893 0.07823860371802502
101 54.07782490389566 29.417277868983614 0.09590391556760791
102 54.51146635715918 30.30534176895184 0.10316675071899942
103 57.91398110535722 30.827789470574473 -0.0311740800392937
104 59.927720937652616 28.72968780392755 0.1709972520068783
105 49.84670408452689 30.664176749286103 -0.038464434090207424
106 49.75123228339208 26.334035618907773 0.06361329997396392
107 55.13788366132098 28.26950989999212 -0.11225309217347398
108 52.71538212690076 25.490034339649426 0.10488058861587488
109 55.259893233796014 31.347777545717495 -0.019683520758668027
110 61.867047069520645 28.946839166329344 0.0
111 53.55903742937123 30.62684966217396 0.0
112 54.43445175775952 27.693787485643625 0.0
113 65.95311244214723 35.50048439602643 -0.9253594153833268
114 68.24624655936648 33.95916811937667 -1.1386466717496297
115 66.75258052506763 40.969572632760865 -0.04654897114314749
116 64.29847231340048 35.92193701379888 0.5543609751954333
117 66.3935923470295 35.503835155306405 0.08291650471703965
118 60.739887214162934 36.645429956668565 0.014801088073563062
119 65.1604462368502 36.77583221866634 0.3942634517710064
120 71.67932508074888 31.39311268541779 1.0261877015566072
121 59.69963723809812 28.92045661111149 -0.9769963726916151
122 60.237254054147016 36.40657296012296 -5.991107087828239
123 62.440989680710636 33.70687295220948 4.662909384243421
124 58.90591175663825 39.51844757198711 3.1972579178115064
125 66.29727798830712 37.49486515376547 2.4516792387031736
126 66.41982980774745 41.83045709640012 8.847767136985816
127 69.62486552572638 39.26432474193569 1.3419004477552599
128 70.9156774769144 44.33600676281606 11.462575162165397
129 62.50309016714252 40.839066469094156 -5.71372390863818
130 74.5996551909444 42.07354389525421 -4.758288154908914
131 68.07436069419155 49.82385191437668 4.46074970291978
132 75.09689796356234 45.847728772382084 11.300956145198661
133 55.574920182894815 38.77129096399267 3.3379313719001047
134 75.19716940726796 40.33924353046493 -4.634665778463784
135 65.07230356483139 43.036670648819246 4.499362879461964
136 65.88137511962617 43.76152148755495 8.519671236505841
137 66.63774062120241 38.77521765027788 9.420035026702765
138 57.16835758386969 39.433706001871144 6.319815299121955
139 88.24573624973534 50.95309640281971 0.3280456004701491
140 76.89036108633132 43.69526153632828 -3.4040818302188627
141 74.5032262283301 51.50165931557251 6.282863248970684
142 66.22924336248894 46.11721952678915 1.1309691745912107
143 62.83137199239938 48.0090664010985 2.661500827502109
144 76.09111057120624 43.948277863011604 1.762978911818808
145 72.63880366472631 47.3975507266486 -5.008490410088119
146 70.32234803598504 42.168074662723704 2.29549455883291
147 69.20501263470886 47.25074522040887 -2.8753729575347986
148 78.39684440264436 43.219656468496424 -0.4473291651576946
149 77.5645661444845 41.25083263138751 -0.4683475755014249
150 84.94917689432232 46.00925025854132 2.62209406673671
151 78.4531937133481 42.58629129452072 -0.38086712496835684
152 68.64588826979079 49.210705862284115 2.283847099292262
153 78.23841904159995 45.392970327051614 0.49110985778686744
154 73.11549744135169 43.236884537512545 1.086291054978812
155 77.79900943388634 42.547683992313964 0.25187573017965104
156 72.64791240585606 46.70466271999823 0.6733473797087195
157 68.91058136119017 44.45237861673639 1.7468556086859235
158 70.95401546966131 44.76129822913709 5.3852652608222655
159 77.59134010182929 45.972442821873166 0.7813348357102723
160 70.34377044535546 45.78264009280115 -1.2047490101228695
161 60.944782887114066 53.231398566810014 3.150178498917395
162 78.82506243940284 47.37540810846587 1.1004642431830436
163 76.60537707241801 46.0972462563825 3.143349938077302
164 90.15401159047138 47.9182089678971 -1.075244613540654
165 84.37100778114294 52.51098095565618 1.534902632097991
166 80.383863337683 55.45399922292986 1.0773499483492275
167 88.00815136049113 52.082785855147215 1.733606994147751
168 89.43603190851603 54.903619875672376 -0.03295962221142135
169 92.04478376897761 63.9810653811771 -0.49911982453662096
170 75.15862887062329 60.20569410251707 2.0808329758990824
171 93.27933969625892 67.79462180133524 0.6360723631420646
172 84.10907063305088 55.20870746031969 -0.7808836389902831
173 88.6379982277165 66.70703272974964 2.438911322489786
174 91.4932281522548 53.491588894927865 -0.3593497338009688
175 83.10042536621077 62.33118752255914 -2.6688394698999915
176 84.66056740557654 63.36810203580508 -0.8345868055692162
177 84.97902176729568 62.26329046023584 -1.144838800606089
178 87.20147292466314 57.00763855305151 0.03771464890276064
179 83.43346353337678 63.65536312384842 0.03244805691824807
180 96.37149497243934 58.04132725151105 0.051401402708026706
181 93.95112630534298 62.87240892463871 0.003022194842788652
182 80.6206658983681 61.72021044696196 0.019445922741308103
183 92.31427196390901 64.3381308225545 -0.28847165080828274
184 91.50879101898332 61.33719757923699 -4.646797307889698
185 93.5961202223377 66.37804088376085 2.5228222885957514
186 92.4873286453256 60.7474850195348 1.2925344173419244
187 87.50870020267305 67.61352525946997 8.113570281361909
188 86.29691805394133 53.58056587263838 4.276031635170237
189 91.5557056027042 60.93780578824556 2.233570980576041
190 91.7263684309175 66.784961004652 -0.13483257259405113
191 91.52310890426158 59.38958793957731 6.404293784074969
192 92.59224803436503 65.35687731441236 2.923042691752496
193 81.62247939796035 59.974786984436044 4.17166028758068
194 90.9850643173342 60.72531075324148 2.1126186719574793
195 85.47268673934403 67.05659200812879 6.875795343628107
196 86.05925472936917 67.39643981110144 18.300558720639742
197 87.67774519316079 64.77711706415425 -3.256758982770611
198 97.66753355272436 63.70780890390346 8.51291355898033
199 94.27474022556929 65.44684012122387 8.728373903199284
200 89.97283947450238 63.362662594718266 2.69212905655319
201 91.05000444402444 63.196476992580436 6.483852163776374
202 86.23813671612183 63.970964302674794 3.64505467328754
203 95.785388642094 65.68783589777304 -5.466816797044744
204 91.84901240869254 65.43416196930151 4.596582503924422
205 96.1300100048843 63.99524396951132 2.4093029112354607
206 93.39299034702911 63.79218325808067 -1.227084013513797
207 91.41406007143553 71.21823447744745 3.2279114708219097
208 91.48104763629058 62.807400226572156 4.5192206278846765
209 90.83782347369227 67.76098538036085 5.327737354325276
210 93.42145632476159 67.24119104512393 5.447149988055475
211 83.91597970104188 59.88267339271352 -2.7775319288887546
212 88.91593415423793 60.61656034055557 0.0328424342217053
213 90.9038917274925 66.92470241385064 5.811408184966321
214 91.29340501010219 58.046232277707546 -1.849723793606985
215 100.23905630715005 99.2 -2.7997351315482653
216 85.86357307762276 63.51895936393406 2.5223779978468146
217 88.45656699822295 65.84737101033231 -4.78001461190968
218 88.23065084128504 65.18925730022582 0.851306291024273
219 95.00304294696474 62.34907334032847 1.0474130362503649
220 90.34318640559468 61.6638283160145 5.006311890390953
221 84.43989839074364 62.44720043403734 4.03287753707102
222 85.09429273107989 62.07144191544351 2.7839162234919757
223 90.23963576723324 65.13537961556789 2.1667693307311144
224 86.19604524960513 64.30228215201969 2.6274538008002044
225 88.83751609283368 59.890417121888056 6.164878397110618
226 91.13200240097358 61.32983038361419 0.7069256998326968
227 88.66428726026986 65.20778395999545 1.1905765713674232
228 86.0358866407319 64.38409241539628 0.9551718889407104
229 81.31541596900095 64.48502212561917 1.1379273915426888
230 90.19496257892843 62.619845167655676 -0.013663002944896752
231 91.35605331347286 60.44174691837059 0.8248998225778801
232 84.25694362680485 55.614998474521585 1.35534947846257
233 84.44495080524587 59.24365519017581 1.4782017866588713
234 85.79459156315902 60.56009962905778 1.4984655017626234
235 83.76738681086763 57.984386119141284 1.6854568231491656
236 85.52019041358439 59.38269569849872 3.1049846606874354
237 91.21716163384583 60.972570845905 1.532144372962839
238 86.89394004532845 53.63152360794087 1.8347628536693517
239 92.83452096446044 56.16034824955056 0.9897139121416912
240 85.26588406338765 61.30278390505811 -0.09677874092524696
241 88.5899511390129 57.00399499424699 -0.8173509573949999
242 87.49993221583443 62.50573936635486 0.48657472913666455
243 87.3832839732261 59.18921889008435 0.5343650571999513
244 91.47686830346396 57.91183611365188 -0.8650318446906993
245 83.28986248412697 61.969778737523036 1.6740669497697764
246 87.07926556000908 64.82859750704539 1.9867477341788458
247 88.9065354710911 54.05436389318581 0.059065613501910794
248 88.97548960336182 53.98117148897171 -0.1291307255926703
249 92.76347453684483 58.0640189906192 0.0028438725515573665
250 90.6912895421373 51.8625906642203 0.2005808452936344
251 95.74526757440617 57.90110434294974 -0.05718557037871845
252 87.74694113469563 53.24082966878735 -0.03465769750986605
253 93.22444665765603 58.32713329763375 0.6643373481729613
254 94.42508353765758 53.7648771984029 0.905277670916417
255 81.6272547938923 58.324733398147615 -0.18243317463097597
256 98.50448313133623 54.52087046923274 0.4776137287104805
257 90.63336339027308 56.83600892964976 0.7975848042772988
258 88.57805938281761 45.49136948340934 1.1390064609673178
259 85.35050475203239 52.57992168273758 0.6247664996323733
260 86.32847149734799 54.60400185229499 2.8179552285085956
261 93.34771510321175 50.8235757363924 1.737659035253961
262 83.90372409034826 49.91532119923996 3.4495008117959305
263 88.30351181189936 55.59407712472714 0.24887120107193494
264 87.85004031497768 57.028901212292965 0.5454968520048621
265 78.59042530885449 55.327944722317646 2.8926914234518204
266 81.40543651672765 54.23607924923355 3.4624416394843314
267 79.14095772143042 53.97329423908679 -1.5602853930418186
268 92.45318612774079 58.35838180724055 -1.117970521990864
269 89.58650789179951 52.37418254807639 -1.2699068582667934
270 64.12258450128755 54.02817465491205 2.4630570738165707
271 80.29892922048165 60.32541605589201 0.906120784447713
272 77.22019427990095 54.12853016219878 2.279010736693554
273 74.60169238336505 46.40997234929042 0.1446901447155443
274 90.93226682822144 54.1057899687694 3.3487301599952826
275 83.10749408313005 56.63195714924151 -2.672175564937643
276 76.70904153154287 48.965312295727735 0.2992971005207622
277 70.13956605061696 56.222989182494246 0.9733338902732199
278 82.75644499735918 51.416001925861806 0.5309572555516009
279 81.29182156408469 51.09333363413957 1.1276406813196314
280 64.9006950289758 47.55457110081482 1.0446940497121586
281 80.15369628808752 49.22662047594012 1.994142850840464
282 80.29903977639657 44.30182954446896 0.1359455169798175
283 71.43748365848812 47.00286477091035 1.2184976763685993
284 71.29958178426264 43.31823945995131 -0.5194638119270082
285 78.74628946441956 43.299645422722655 -0.29811491724365435
286 69.28665822209084 39.68267925325683 0.9769912599897426
287 84.23960897599923 38.96837213094584 1.5963180070427652
288 73.90389293407823 34.225031836355164 2.288718650435299
289 76.96292866645314 36.31246826584733 1.6724499337410679
290 68.4084032892399 39.98849850704291 0.042994609294513486
291 65.89216481617375 40.96019535318436 0.28361594197545764
292 72.01009066601796 32.66191227494072 1.2235147318311133
293 61.47733712563439 29.842760204512388 -0.05619784350550594
294 71.9788003579795 40.83980730101718 0.5745055992965387
295 73.93920481629678 35.37453980957608 1.8207342386900083
296 66.56425006421978 33.67338207919737 0.02242811150129137
297 68.09566158787308 29.726062328650713 -0.3304386349017723
298 62.01127146023262 36.78733542982421 -0.7142390834292084
299 66.38079279567395 36.2848398905632 -0.3996641512329816
300 75.0642374987743 33.977526609345645 -0.04279317852059035
301 60.946624642011884 33.152732464949416 0.013699032033183683
302 68.32253642209173 32.64616337195283 0.0039706587199061436
303 73.13324990961479 34.208465002091614 0.015833480945676662
304 68.23952891418675 30.489028579271174 -0.02448975012786965
305 56.32112844581642 34.21478065070189 -0.014665417061500607
306 59.6417573315354 28.478477025982784 0.0009494714002784236
307 62.802297693273246 28.227189630122634 0.02843455454618603
308 58.042135205150934 30.06624561623156 -0.7379153205521408
309 61.106379238406525 37.09727348808579 0.2749212352323936
310 61.05277989399024 36.612952352369305 -0.3401116696883757
311 59.67295602766314 32.6633760779412 0.027971429790235425
312 70.78962924114218 37.09503094788206 -0.39463632660313913
313 59.91541233909773 32.52695052781971 0.0038336990035148233
314 54.33557015030897 34.75666923806404 0.6246339227826272
315 55.33129292428214 31.43612017515143 0.9825784001045643
316 46.34877277024405 38.790924821742465 0.31175021119078755
317 51.55676533007504 24.99531853953691 0.2774526217084072
318 56.37702215010589 22.616984215438308 0.5902357922169342
319 46.004012531025 24.242000865862664 1.257538876594738
320 61.40212806019302 27.744405152040617 -0.21117601343025494
321 53.19474054859812 28.274476244991842 -0.049408487340502294
322 46.4879056832935 25.758543685481204 -0.7449077164674964
323 41.18206205083598 39.71661391833756 0.5425578900465504
324 43.272669117156426 25.031978802019722 0.32133152812772586
325 44.09009245224661 24.338031796839452 -0.01562303478839161
326 48.236965371096915 21.488930620560566 -0.07252433938631386
327 51.259769857701016 17.656218178234784 -0.3552735002916867
328 37.39365720817174 19.58706874435157 0.0
329 55.33206735070013 19.13002230363755 0.0
330 49.958947058951196 49.0 0.0
331 50.46200423375066 16.54776719409015 0.0
332 47.527630262213464 14.40966390229594 0.0
333 45.686459047230805 14.51584323550075 0.0
334 28.614253900465954 22.188991123359344 0.03986764340514401
335 42.2839392913907 18.898099400522554 0.14417849903207602
336 44.67363070695366 16.391570382394065 0.09226753160384173
337 42.71208002262125 16.255587858181585 -0.001005860598893786
338 37.785352561531674 12.475219259234473 -0.10052774598664901
339 43.656207714820546 16.764136805143824 -0.00885476862820462
340 47.46975214421009 16.493020389536397 0.06755825673370207
341 39.65094080540729 15.877696442957697 0.0009891791984784765
342 39.02890859770508 14.559165215264784 0.07105949992960255
343 50.53804045667218 19.335471721539463 0.199787698518553
344 41.11808687269336 16.829207565807355 0.1677439924255331
345 45.07299238106962 14.795350025065552 0.1250268980268942
346 53.277626266990794 16.65809833967594 0.02341233564865488
347 46.14945139678485 15.702582113552655 1.3471593835907032
348 40.08368181348533 18.807483696238922 0.007766776695994015
349 54.12011599185321 18.54513774814958 1.444903541053062
350 34.9979333720001 17.546772746359252 0.5046098957543652
351 43.93649719666305 23.389689071652324 0.6729294336417703
352 40.14343890923189 11.195910384465208 -0.8306862818555149
353 35.16834724594021 14.823912068781187 1.9679997085836356
354 35.05496212042901 16.022168153272418 0.9483681078459416
355 39.798246235041844 17.42817200990973 1.7313385425443821
356 29.176134731217434 28.2 0.6564649806910163
357 25.340293786980176 24.3 -0.4040358015078091
358 17.219131683373057 11.481951541665637 0.5371234760862906
359 30.25903436172825 29.3 0.9885350420097414
360 27.88988877545544 13.082937364779863 0.3924670416325364
361 24.653849870622263 23.7 0.22989562198629532
362 18.432328736484497 13.298878978686654 -1.923937264705929
363 35.09951527183635 11.998833804754874 0.8366585253929926
364 36.782579782996926 35.8 0.7335172809968138
365 19.105513903882613 10.254569480849893 0.8990044284067638
