001 35.4 33.6 0.0
002 33.5 29.1 0.0
003 32.4 26.3 0.08
004 33.0 16.4 0.17
005 30.5 24.0 0.31
006 28.9 18.2 1.54
007 31.3 21.2 1.1
008 33.1 10.3 1.89
009 35.9 17.9 0.63
010 32.2 25.3 1.62
011 32.0 11.8 1.34
012 32.9 21.1 0.46
013 32.7 14.1 0.01
014 32.2 23.0 0.68
015 32.0 21.1 1.45
016 33.8 15.2 0.75
017 32.4 21.7 1.07
018 32.3 16.3 0.47
019 34.9 16.4 0.28
020 32.8 18.9 0.79
021 31.5 22.4 2.56
022 31.4 15.2 0.22
023 32.8 13.8 0.15
024 30.2 14.2 0.49
025 38.4 14.2 0.87
026 35.1 18.6 0.83
027 38.1 21.6 0.57
028 33.8 19.7 0.09
029 38.8 20.3 0.1
030 35.8 18.7 0.08
031 39.2 38.2 0.19
032 26.0 25.0 0.18
033 23.6 1.6 0.24
034 25.1 0.1 0.72
035 25.5 2.9 0.48
036 28.0 27.0 0.17
037 28.7 13.7 0.11
038 27.9 17.8 0.24
039 31.3 25.4 0.21
040 25.8 17.3 0.32
041 21.0 20.0 0.09
042 31.2 -2.7 0.13
043 35.0 17.8 0.12
044 38.4 37.4 0.02
045 31.2 18.0 0.05
046 33.5 22.5 0.07
047 15.2 10.4 0.02
048 33.1 10.8 0.02
049 33.0 14.5 0.02
050 31.2 20.0 0.01
051 33.1 14.5 0.02
052 38.9 16.7 0.0
053 41.2 20.5 0.0
054 37.8 18.3 0.0
055 31.2 15.7 0.0
056 35.6 23.9 0.01
057 36.3 17.6 0.03
058 42.5 20.4 0.01
059 34.8 12.9 0.01
060 33.1 16.3 0.01
061 40.8 18.3 0.05
062 45.4 17.6 0.05
063 33.5 20.0 0.02
064 41.7 19.5 0.08
065 33.8 20.2 0.01
066 29.6 15.1 0.02
067 42.3 20.3 0.02
068 33.3 10.8 0.48
069 30.2 20.6 0.55
070 40.4 15.3 0.11
071 36.5 18.0 0.17
072 34.6 16.4 0.71
073 35.2 17.9 0.5
074 43.2 21.2 0.3
075 36.6 24.0 0.9
076 43.0 16.9 0.21
077 41.1 24.3 0.37
078 42.8 15.7 0.5
079 43.6 25.5 1.08
080 43.3 20.0 1.3
081 48.4 25.2 0.06
082 47.0 24.9 1.58
083 40.1 20.6 0.12
084 54.2 27.9 1.34
085 50.7 20.3 0.41
086 41.5 26.5 1.84
087 43.1 17.4 0.64
088 50.8 24.5 0.44
089 58.7 18.7 1.49
090 42.0 18.5 0.3
091 55.5 24.7 1.28
092 42.5 22.2 0.09
093 46.6 20.9 0.01
094 42.7 17.3 1.48
095 43.9 20.1 0.14
096 41.4 23.5 0.19
097 53.9 21.1 0.03
098 56.1 21.8 0.12
099 51.9 20.1 0.04
100 48.2 22.2 0.04
101 48.6 23.0 0.12
102 66.6 17.0 0.1
103 53.1 29.1 0.08
104 47.6 30.6 0.17
105 61.8 24.1 0.31
106 57.9 35.4 0.03
107 55.7 25.2 0.02
108 63.0 36.4 0.1
109 61.6 33.4 0.08
110 69.4 21.6 0.14
111 63.7 26.3 0.14
112 71.7 33.2 0.26
113 73.1 25.4 0.08
114 67.4 32.0 0.09
115 64.5 28.3 0.06
116 68.9 33.3 0.01
117 62.8 28.0 0.04
118 70.0 33.6 0.03
119 69.7 30.4 0.11
120 66.4 32.8 0.02
121 70.1 33.1 0.25
122 59.3 36.7 0.01
123 63.2 29.0 0.14
124 61.3 33.1 1.36
125 64.9 36.6 1.86
126 61.0 28.8 1.3
127 63.8 38.7 4.56
128 59.5 38.6 0.64
129 58.0 42.8 4.29
130 66.4 34.7 1.51
131 60.3 45.5 13.3
132 71.7 48.6 6.21
133 62.1 38.8 7.85
134 76.4 44.4 1.99
135 72.0 38.7 2.01
136 72.2 40.0 5.0
137 63.1 38.0 10.73
138 64.5 43.6 4.17
139 63.5 46.9 1.82
140 67.5 50.5 8.26
141 72.1 52.4 2.43
142 68.0 51.9 3.62
143 72.4 49.4 2.83
144 78.5 50.8 2.64
145 70.4 46.1 5.31
146 74.7 51.3 6.32
147 78.0 48.2 9.23
148 76.3 51.9 3.17
149 68.1 50.8 6.43
150 80.9 55.7 4.92
151 71.1 54.2 9.95
152 77.1 52.6 2.49
153 72.0 48.2 2.98
154 74.0 54.8 2.0
155 72.8 58.2 7.92
156 75.2 51.8 11.2
157 69.8 55.1 3.16
158 79.3 53.7 2.84
159 77.6 52.1 4.27
160 77.4 59.3 7.5
161 80.5 57.5 10.19
162 77.7 58.7 3.73
163 74.5 57.3 2.58
164 79.2 59.2 5.49
165 75.8 57.4 1.05
166 78.5 52.0 4.64
167 74.1 53.9 7.17
168 77.7 56.1 0.43
169 76.2 54.1 1.96
170 77.0 53.7 2.18
171 75.4 52.7 1.88
172 80.4 59.5 1.27
173 79.6 55.8 1.28
174 77.4 57.1 4.37
175 81.0 52.4 0.5
176 80.7 62.4 2.6
177 83.2 57.5 2.31
178 80.2 54.4 0.47
179 80.3 48.9 2.59
180 84.4 57.5 0.79
181 81.9 59.0 3.12
182 83.2 60.3 0.28
183 81.2 60.7 2.7
184 83.1 67.7 2.01
185 81.5 60.8 4.56
186 78.9 60.9 3.98
187 85.0 64.1 0.65
188 78.5 64.9 6.84
189 83.0 62.3 4.84
190 78.4 58.2 14.08
191 81.6 54.4 3.6
192 80.9 55.8 11.54
193 76.4 62.0 1.98
194 80.7 61.9 3.07
195 79.8 58.2 6.83
196 74.9 58.6 10.47
197 88.4 62.1 1.62
198 84.0 59.1 3.55
199 82.3 57.7 3.77
200 82.6 59.1 6.6
201 81.6 60.3 3.74
202 83.3 62.0 7.84
203 82.2 59.3 1.69
204 78.1 60.9 6.74
205 75.7 61.7 0.31
206 77.8 59.7 0.0
207 87.1 61.4 0.46
208 94.3 60.3 1.76
209 89.0 61.4 1.78
210 81.3 62.1 5.31
211 87.3 63.5 3.04
212 91.6 65.4 3.22
213 90.6 65.4 3.31
214 83.6 62.2 0.21
215 85.5 63.0 1.97
216 82.2 63.1 1.34
217 85.3 64.4 0.64
218 91.1 63.0 1.11
219 86.6 64.9 4.58
220 88.4 62.1 1.64
221 89.0 68.2 9.09
222 85.2 61.9 6.92
223 83.7 60.9 1.82
224 93.6 63.1 1.25
225 87.9 58.3 3.44
226 85.9 61.7 4.05
227 87.7 61.2 2.47
228 82.5 60.0 4.42
229 87.7 56.4 8.14
230 86.7 58.3 0.4
231 81.3 64.2 4.92
232 85.9 59.4 1.9
233 89.2 63.1 1.88
234 92.2 59.2 5.73
235 88.8 66.2 1.07
236 88.1 63.2 1.27
237 83.7 60.6 0.2
238 84.8 56.4 0.41
239 87.5 59.4 0.18
240 94.2 65.9 0.43
241 88.6 57.2 0.0
242 90.8 61.5 0.0
243 86.0 64.3 0.0
244 93.0 66.6 0.0
245 87.1 59.3 0.0
246 94.0 64.7 0.0
247 93.5 57.4 0.0
248 99.1 67.0 0.0
249 94.2 54.8 0.0
250 85.5 57.7 0.0
251 95.3 57.9 0.0
252 97.3 59.1 0.0
253 92.6 64.0 1.97
254 89.3 56.9 2.91
255 86.8 55.7 2.93
256 84.7 53.9 1.66
257 89.3 62.3 3.65
258 87.0 59.5 2.08
259 81.4 52.8 5.29
260 82.2 48.6 3.57
261 87.9 43.2 3.94
262 79.7 54.0 4.44
263 85.1 51.9 1.45
264 91.8 47.5 0.2
265 89.9 48.3 1.63
266 79.8 49.1 5.32
267 81.3 51.7 6.18
268 77.4 50.0 7.44
269 73.6 47.8 1.71
270 83.7 49.4 6.94
271 76.5 51.1 5.19
272 78.7 49.3 4.38
273 78.6 43.7 0.18
274 77.7 49.2 3.07
275 88.1 53.2 0.83
276 82.5 50.8 2.18
277 83.2 51.9 0.87
278 81.7 45.6 0.37
279 80.1 49.7 1.82
280 82.4 42.1 1.14
281 72.0 40.7 0.09
282 69.4 50.1 0.9
283 76.4 38.1 0.3
284 75.8 44.7 0.06
285 82.9 40.4 0.06
286 70.9 44.1 0.44
287 77.9 49.6 0.01
288 74.7 22.2 0.19
289 69.0 44.5 0.47
290 77.0 30.5 0.79
291 62.0 39.9 1.09
292 75.6 33.5 0.22
293 71.0 35.6 0.44
294 69.2 35.0 1.55
295 66.1 35.6 1.27
296 67.9 31.4 0.66
297 67.6 37.7 1.3
298 65.6 32.7 0.88
299 67.8 39.1 0.84
300 69.7 33.6 0.68
301 53.0 34.4 0.46
302 69.9 31.3 1.93
303 76.3 32.0 1.32
304 58.7 38.0 2.21
305 58.3 30.3 0.41
306 36.2 28.8 0.54
307 63.9 23.2 0.76
308 56.5 30.9 0.37
309 63.5 30.1 0.07
310 54.1 42.0 0.14
311 49.3 26.1 0.2
312 56.2 19.1 0.45
313 53.5 27.7 0.08
314 52.7 28.2 0.2
315 62.0 35.2 0.3
316 60.7 29.7 0.21
317 56.4 33.1 0.4
318 50.5 22.3 0.39
319 54.6 19.0 0.01
320 50.5 28.1 0.48
321 75.3 17.8 0.31
322 60.9 25.0 0.02
323 60.7 30.2 0.01
324 63.7 31.8 0.12
325 61.1 29.1 0.04
326 61.8 28.9 0.08
327 59.5 32.4 0.27
328 53.8 26.6 0.05
329 50.0 21.8 0.21
330 56.3 27.2 0.07
331 60.3 22.9 0.03
332 56.5 22.4 0.23
333 60.6 19.1 0.65
334 55.2 23.6 0.35
335 50.3 21.6 0.22
336 59.4 22.8 0.67
337 44.9 25.5 0.33
338 43.8 18.6 0.09
339 44.0 25.9 1.09
340 45.5 17.4 0.37
341 46.9 25.5 1.62
342 57.9 22.7 0.36
343 49.5 18.7 0.84
344 33.0 17.8 0.01
345 51.9 17.2 0.22
346 41.9 24.3 0.78
347 50.3 19.6 0.21
348 43.0 18.0 1.25
349 37.6 26.0 0.44
350 50.2 17.4 0.21
351 66.8 23.5 0.08
352 44.9 17.7 0.03
353 47.4 21.4 0.06
354 43.7 24.3 0.12
355 49.5 18.7 0.06
356 51.5 24.0 0.05
357 55.9 25.0 0.02
358 45.9 25.6 0.05
359 55.9 28.3 0.08
360 45.9 19.5 0.06
361 38.5 24.8 0.55
362 42.5 27.8 0.76
363 42.6 20.8 0.71
364 53.1 25.9 0.87
365 48.3 23.5 0.43
