001 5.7 -10.7 0.0
002 21.91102747964802 -9.613572310129925 0.16603754990285344
003 21.274436371416073 -5.855985405840121 0.12389597356358906
004 37.93115586873631 -2.82616235889069 0.007130656756762971
005 35.69665330248622 2.7870336586154605 0.0008336254957204206
006 19.332910834146187 18.3 0.005284273816098112
007 26.697874876785917 2.654619564912386 -0.07073209138131638
008 35.139113044458455 -1.7655134779001924 0.1264676549743866
009 30.34065325865235 -12.824387052961889 0.311625679418186
010 24.74924852088722 23.7 0.05084645463104606
011 26.541289638011467 25.5 0.4804659752386269
012 28.809184943923558 15.933333179664611 -0.1719565665490922
013 22.68474076137435 12.568979610313104 -0.20558814723111074
014 40.003383095699945 11.657700843360262 0.27538768028835153
015 38.95170680261929 11.816610144321881 -0.16982278817750612
016 36.91420599007788 16.328425177510375 -0.10551764839979197
017 53.82162547816874 -0.8876216485403603 0.06380475275014323
018 29.80276758192235 13.119262659714249 -0.3636084451066978
019 39.533726817067034 19.758263755124364 0.03768838556250517
020 31.99486022034334 13.084991989469433 0.4131025547701276
021 36.21162235779419 14.825853535753017 0.6014181534730112
022 38.41750649228292 37.4 0.0012138784623285381
023 31.270759401260342 15.093047340389452 0.11183901749667204
024 46.24254945433445 12.070782064995349 -0.05379720549561212
025 41.38329441121579 40.4 0.06269500951790108
026 43.99444813959529 10.285252797138773 0.36334747616830865
027 43.7789858355744 15.327121936307599 0.4456425835159108
028 43.12489973644522 19.260299020052493 0.09974147341264325
029 45.41892064515371 16.935639973887515 0.16112961488370975
030 45.82046384198371 22.82738833261203 0.2226004736677059
031 29.96281569140598 18.222838961275936 0.30349054287650334
032 51.49095184920249 21.07043949716992 0.21724380455994396
033 46.322519720180864 22.94534435459989 0.164758757395098
034 43.83694439267212 22.561862122057725 0.045183942127046066
035 42.14258874065532 20.704338267989435 -0.15039651325473838
036 43.01217308737863 21.31426232914943 0.19953420295816154
037 39.18194310236877 15.431309969141548 0.07790053383498735
038 50.41704500759444 10.75182492802496 -0.03139002627668594
039 29.441740065318598 23.60358321109207 -0.3272187990563066
040 36.15359544222105 15.665891398250665 -0.004576219276966428
041 46.767434570588954 16.21655359307784 0.005063850495425307
042 45.092277240091846 21.028518841757965 0.07918079611305746
043 64.28216917406732 17.49881372401702 0.24720202928539742
044 51.89396414139413 11.379738734212928 -0.03566754289916926
045 38.910264967845634 21.324869609757616 0.01227606081483941
046 40.73821489966944 12.988524648979002 0.0
047 58.50028495899046 20.593897317822357 0.0
048 32.05076624197668 11.51909544534745 0.0
049 52.93851273268884 15.875276422046008 0.0
050 46.690411718953364 19.874442823804895 0.0
051 32.62537078833003 20.80777201720167 0.0
052 48.080760697909426 10.442959815925411 0.0
053 40.47680249141463 21.759937632751594 0.0
054 50.34685925643988 11.611905346688559 0.0
055 48.37279653091489 12.452626677410354 0.0
056 35.77729985341794 10.360610292301669 0.0
057 35.77298378179487 16.543784417620127 0.0
058 38.79125318293235 23.7466296353683 0.0
059 50.32243904700361 28.200590113853703 0.0
060 37.680862253432025 3.4330247384172132 0.0
061 55.27080270027723 11.10530575413252 0.0
062 44.83204300991389 23.582106824433488 0.0
063 40.751962316080046 15.398662101159912 0.0
064 51.420790684104304 15.450873418121928 0.0
065 38.02941301445962 16.123041120672042 0.0
066 38.39444624480388 37.4 0.40940280297359455
067 41.68444987474636 40.7 0.5859661380653438
068 37.271292788972005 11.201638914996426 0.2543584542987472
069 45.72223782554698 44.7 0.1613535023363668
070 40.638656323679875 11.717405110808532 0.8492021578866569
071 39.397596103729605 13.16021533942498 0.27983864866108665
072 32.724315268247835 10.47469005489524 0.2748385505477015
073 53.273515577249896 12.373844872404124 0.08872067538650398
074 52.35107089620267 10.226181288109665 0.9169514182293502
075 32.23085239760688 24.874015099311308 -0.46599103571170697
076 51.032846512621255 22.817139748788883 -0.4496796957107634
077 51.97806257747345 24.092513853284842 -0.003551599950240153
078 48.92199009423406 12.241979748758439 -0.13940844989949627
079 43.498556416023625 16.133358301653747 0.3575798102746888
080 61.64923229646641 20.401487177570385 0.3912292991301438
081 44.08537792682343 22.79769981184836 0.4428307097827524
082 46.97239464682995 12.873429800667164 0.28965400800284613
083 40.50175276431943 27.769432383180188 0.5367618100977893
084 50.31481197543367 20.458228866437775 0.185191197048434
085 42.69430874688238 22.117871313447647 0.9635907416709613
086 65.61745638122781 21.538998568592792 0.13457554758603849
087 52.2254726830265 32.185060104608866 0.24153985495880453
088 58.23666764364325 22.838910218984413 0.4812101531630405
089 55.87912290219561 29.56244901462285 -0.11694176032123316
090 61.12655509147605 25.876766272051334 0.11330108787710935
091 53.22640425130308 30.380018690101707 -0.14937837884205873
092 55.51216869189078 31.36996743857573 0.11070281095097911
093 53.51155895720591 27.163624868735987 -0.25031462078136646
094 55.35197547034219 25.718437940654418 0.05097830077778538
095 57.66447523875433 28.320692156807045 0.08898828135255597
096 58.76293117352171 27.806192608091735 -0.009295373995443348
097 58.49860101059774 31.34146641752117 0.19066757725696953
098 60.17149342617285 29.576265726343017 0.22474112519830325
099 58.988843780470006 34.09928623725529 0.06788531613844397
100 61.729210217422334 29.887894576858336 0.004701093299623885
101 52.67231797487101 25.850292751250613 0.03793563646699439
102 49.87752929603721 26.38043483617763 -0.014897548679193469
103 58.71249461747565 30.996196697064345 0.04757519389823816
104 64.3146664890362 27.551586777709986 0.06786267315821616
105 51.34087855812049 32.688570574124455 0.11334082674303206
106 58.33389945523936 26.029771493645082 0.04763768154694623
107 52.418339637913824 29.022998734637117 -0.05755325862859443
108 50.89788430284945 30.666626402862533 0.11335819070709527
109 55.23705826178764 22.96176140371293 0.039838106603063625
110 55.95645000553196 32.04798777739266 0.0
111 65.98272486794538 33.2120490011735 0.0
112 71.8615809242493 27.197560928895452 0.0
113 66.41595942453542 28.283452949961813 0.26681317394806386
114 59.01337754841634 41.33957232392009 -0.15222516293792432
115 63.81112576543999 41.057445423816304 0.8117496144953285
116 59.88319865842463 32.356070199629784 1.7301664484881765
117 63.920079306874506 37.79293488420109 0.8203497246281684
118 58.56206482919374 39.75016493210964 0.6686390170727421
119 67.53333452863684 42.485363698372886 1.962260703880897
120 72.19485951872123 36.313880221240574 -1.2766973538785424
121 69.24737577620157 31.16928334571284 3.290969500034377
122 57.652501678277105 37.36678923639999 0.12095621153206304
123 65.16416333551187 40.31490586837125 5.1412765300614245
124 68.75583376769607 31.004472803740917 11.78965730477289
125 54.768921401363585 38.728263478955455 2.8515672621799815
126 69.00634708752136 41.51843522897303 0.5498646886592709
127 79.22399383668716 39.61241042262202 10.642898429108596
128 76.34734884765153 42.97052829438719 3.605557531351847
129 55.56163606162679 40.34584317093473 -0.09870250059753083
130 73.93113197627254 45.5655159752069 -0.2173726874688917
131 72.07713249873366 41.921487904353604 -0.5680162424309501
132 67.27676899217995 40.356858175426815 11.002906958319315
133 68.50139735463921 46.88487767812302 1.7311705684149468
134 72.88559223860483 44.44610761657637 1.9891343466727176
135 66.22447309801385 43.07996384559189 1.5968980230937584
136 73.50534637963187 41.82281518922068 9.232926984011016
137 65.19814067170427 43.076002537037596 4.4347218750698385
138 73.81944356662785 49.076782960505554 17.916134312911243
139 79.48938097538586 53.253085261872755 2.2824935785018186
140 81.97091597640974 36.57608397030542 3.631619530139557
141 71.56384799319797 46.80368355885611 3.587287971984963
142 73.76898823671117 42.55421687812718 2.7667766291273583
143 70.4700827160311 40.0162415837697 3.1426393853855767
144 83.8917281385203 51.28019095009164 6.4493801556081625
145 72.38515535098124 43.94084828563485 1.0758394176491146
146 76.10352020989 46.35894702618927 1.01367254690645
147 74.33227691933499 40.95623322612913 0.8852143785774407
148 74.31094099458554 46.512277307062945 1.6975255754413234
149 67.94947630147733 43.28444137550176 0.8700622606810469
150 72.39043892274142 45.8015944287069 0.7199008900526656
151 77.37408563220481 43.811029324058154 1.5695590011169065
152 69.51358318926155 44.29254769053126 0.5374440340161231
153 74.76373131587954 54.64912150477827 -0.12393004064201874
154 81.82627142137663 42.71510101527914 1.6651648281819658
155 77.27076093747242 43.89871594243908 0.7611875620482912
156 79.53233090589642 44.45605480268645 -0.5129346906204153
157 58.007071822321834 42.456356730126835 1.8594573604617899
158 69.39038720585701 42.6012994992417 0.2099132935075132
159 63.230229075410534 47.619098182404834 4.511517244616391
160 65.04766810160491 54.25200510176172 2.195782031167939
161 84.11932688023845 48.236427300526344 1.756785726698831
162 77.55116187376879 50.38568260137905 -1.6219840323005725
163 84.41751591628719 51.09390428474903 1.7335797600117195
164 80.62031690588977 53.72336491768484 2.9919904765982483
165 86.88118613358654 53.56667200412952 1.306778647491273
166 89.05841379675752 52.389990910953195 -1.2809370316802284
167 88.04324046663929 57.273442983749526 -0.8914173010211165
168 88.76928593521396 52.69825627729773 1.4153483396823483
169 89.79221904175965 55.3351532047059 0.7888542356860155
170 85.86786597551956 62.1600393979201 -1.1042728544911582
171 81.87704224534446 68.58868093417998 1.2294924493044945
172 95.25767267791267 59.43802168937888 0.5800198915474502
173 86.67663611964333 58.32390724657174 3.1192601076408613
174 91.0868738875332 62.110261423439574 0.6645902017939412
175 87.99508744170369 62.64664469184355 1.4081516761826967
176 90.32312922009966 67.34592694719908 3.9482317754373115
177 87.01860480542713 64.72790662214672 0.546050765821504
178 88.5160312583269 61.53711745443567 0.028558595604875923
179 90.47513710054668 65.15922738947283 0.0640856475954662
180 88.18345595123876 59.94705537326053 0.00676117899214029
181 81.9285528239235 60.536353093442365 0.035026891907311314
182 93.05757689926364 59.6007310705301 0.056868308180904166
183 86.0043455169983 54.679713887697325 -1.257101824230971
184 89.77641225384613 60.21729625563936 2.032523145405057
185 96.96651555006699 62.99751784135669 -1.8484824385061724
186 88.94423575886731 64.65414182690283 3.4161386546653323
187 87.4147310691155 70.8163227361294 10.254007414404562
188 92.89461552258894 60.60756170061944 0.2980136037806522
189 92.25114027977575 71.40677072944699 4.1682538080406255
190 85.82352277027519 62.660060310347085 -1.7991979778328027
191 88.6544225375906 62.248275399782415 4.046163464459704
192 90.26418087776256 63.96927836798454 6.604014713124835
193 82.02909353720283 63.16636052561647 3.7942499547326087
194 80.02265013443863 60.83501078159154 2.2052365050391485
195 83.02512203841505 65.62212848081155 -2.6712359570423456
196 87.77999797962799 68.81080036526258 9.135401632099873
197 93.0275469894392 62.57782088921673 1.2729886476356533
198 92.05819015040272 62.38306004227636 9.706900399331538
199 93.38925759909634 66.69604582739937 4.891175120277033
200 92.27361283217748 64.5378636772828 8.505298483729927
201 97.92049849452032 68.72866889029795 5.383527998586102
202 90.38084363829648 68.63171727121794 3.185399274439411
203 96.24387065728992 64.39920561832885 -1.9380569100952112
204 95.34410788669028 64.30567954487275 1.0277319019368183
205 95.04915041737601 64.67228067282613 1.3413717050771128
206 91.59300650837926 65.06165573602523 4.521196971690996
207 85.93386342787723 68.1508997064549 -1.0281395687811123
208 90.23707163886888 65.76319493555171 -0.3904979598490268
209 85.30758595122204 63.37834983136942 1.262313906356804
210 91.85617565159563 67.06271943744731 1.9303557621605192
211 89.10367957574006 63.02649396611192 4.913150095173556
212 94.84073961047508 65.5782766164088 2.05176125536578
213 88.19528506826174 62.67090348548559 1.265839576669372
214 87.59575112999393 61.75101934440626 -2.965013378187902
215 89.57750056438759 60.86810015531188 2.331955836627701
216 91.57236807662288 63.83594680777522 2.978911617686566
217 92.07380988341785 64.59746879253045 3.6852568749245487
218 82.30591721036065 63.11303037235049 6.634170719816137
219 82.76153443785378 65.46456306534995 3.2289100889609026
220 94.87813041925114 66.60061341783363 3.0539508996680436
221 85.05757016103497 65.76387178657374 6.514752701445574
222 90.49602330600129 58.115923524314844 -2.480329137479649
223 97.29888268968242 58.624109816728996 4.302974670139516
224 96.11255894914709 67.7413267818906 2.405866404379635
225 87.89969787140697 61.55423355269305 1.2459743648905681
226 85.82996504173475 58.5155973394423 2.023952154002032
227 83.94258416651438 61.59157326687669 7.119980292021976
228 92.14973144442068 60.78510110105415 0.48280577631788824
229 98.32778469649485 59.43601323871504 2.517909917087034
230 83.80250607631034 59.72372476039099 0.965862120460713
231 88.52144318489802 61.60151350878555 -2.0353584949229457
232 95.2828308038231 64.38638985664961 -0.388899142517269
233 93.85108037774353 62.874012937251706 2.228084375836481
234 88.74261746394504 58.170300757237506 3.4361026764992815
235 92.03670489784913 61.19434173904477 -0.4750365376952822
236 84.43507882002092 60.60528305411704 -0.20368709975529486
237 85.78248410464344 60.946787913681234 0.4719522306661779
238 87.13049111895361 59.25147505130379 0.7022955113405362
239 85.36899674078725 63.71587186954956 0.039215316933720934
240 89.00986752659364 63.89943222029864 0.37050016508044026
241 89.29146745469585 58.4831219513547 0.18006675849269027
242 88.28224766202798 59.6957119827789 -0.026492454201407667
243 80.36711510415836 57.83954423928768 -1.2594544818668891
244 86.89046108753703 60.27270604833247 1.6165577457350797
245 86.01953945125456 54.83229206681687 0.6070089026783729
246 86.36959029974376 58.99864146958074 0.8059493238329017
247 90.6367623989703 57.31297826451797 0.29866580767916984
248 90.36968300517917 56.843251732660526 -0.051874576616010595
249 91.52972891752431 60.15905557537033 -0.06043712679802503
250 92.58665211136598 52.71541588526245 0.21891540866674508
251 92.04893049498381 53.6134845494899 0.12288967173237964
252 92.52356155181128 56.16777508540003 0.2001135618503045
253 96.75122271700404 59.38735136900184 1.1900788877690516
254 87.14037681843038 58.94731410803816 0.44700464688442043
255 79.99080871095067 53.275693954997735 0.33049629710073947
256 89.33183508013458 50.46751106855925 0.28836278084297723
257 98.00253393981671 50.57700232365177 0.5427818750130686
258 86.90339242315997 54.128284305420294 0.34311270288850587
259 85.53053607657665 54.70596787755959 1.5841486314692392
260 83.29053283030342 42.98292566001987 -2.5557060685117645
261 90.05795127443429 53.94414212254794 2.7146453142649434
262 84.59918111434986 56.816220809005166 0.16154002657912048
263 81.76743314348803 54.32435499161436 2.1864403498152063
264 86.95647064928615 50.861429903361824 4.647285112243201
265 74.60123442221824 53.23177440163593 0.8332012811514793
266 85.38885483796571 52.018774860821 2.028923589845576
267 79.60156172452625 50.30212425125468 2.4434094170534113
268 87.34358664546696 55.722439107214555 -0.19427041194141403
269 65.90103861179846 47.497435843537716 1.1871769088633084
270 82.98223797631125 53.01083135468831 -1.060734790065429
271 75.73735693461565 48.950622572205496 1.9396635522266439
272 87.43821373972504 48.25653587099613 -0.3920009759718215
273 79.49498768822895 42.01385788468328 -1.1647714476865842
274 78.09112638306583 47.94389768296737 0.6617662403406683
275 78.92375975357012 57.065262543258356 0.8794349502984293
276 82.72048628407528 52.954603174583255 2.5473981319846066
277 80.7495531660503 59.07725022240854 4.3735877277989665
278 76.8129188693706 49.313808380342316 -1.9888039167109934
279 77.82490958090149 54.17986273306986 0.3967580302320933
280 78.26608336968708 48.547054936067305 2.197304017999688
281 80.35595580288704 47.72435610429667 -0.2581969278690145
282 73.33881582453272 45.106711540781575 0.6851857982033501
283 72.53282767364395 44.76291585482241 0.6102356251471159
284 66.57952076671816 41.34206423173039 0.574087102846206
285 68.83337127700555 44.52928769193971 1.7299887958208728
286 66.198484280434 42.68623234208696 1.796451580974822
287 72.394801388112 43.96170903409469 1.6714400125964917
288 69.88688037596611 48.95230561187787 2.274604363758365
289 70.10364901601085 36.361645529017444 1.4076627686285161
290 70.87556287667624 30.02546376353902 0.24895171258777793
291 70.14732346080544 47.26473962442385 0.11794627808244429
292 57.638129838529736 37.40979838217186 2.177308280515007
293 72.57187645106501 40.30234966040741 0.5279054263680963
294 62.38807704424186 37.06341775394938 1.084352963445894
295 75.73090894289831 34.81555520563383 1.8546657409598255
296 68.69591127162646 33.38847905889959 0.4553077345125592
297 60.68228520543725 32.77694948229829 0.25134971082796964
298 63.67359729814478 35.230733441708324 -0.5468816751491485
299 77.05566211247331 32.95637364917524 0.6059344966799852
300 67.03169933043556 37.62727896567047 -0.027594805410473863
301 68.18334413542584 35.963710719344355 0.01478513441854031
302 72.517155924176 32.34656580452122 -0.008045200616222586
303 72.70893674348012 34.124196542048004 -0.03393931848756397
304 61.486229823502626 25.370209101552174 0.010729096607891994
305 59.15304125560131 27.90589374699404 -0.0007633080375245571
306 65.58657597889595 38.97149440985348 0.07566672353493965
307 72.24949751032386 23.450813882184843 0.05076382880273108
308 60.4130668366646 38.15984069303056 0.37889319390145537
309 71.98066100944713 41.90558394145956 0.1393622595510076
310 59.844175402286226 32.832506236734964 -0.24379828923129732
311 46.35069459294442 29.1121268475351 0.31271623978082014
312 67.22473600575574 34.14091767884674 0.025357955220745965
313 62.041438929496906 33.70625434851493 -0.6278368409165149
314 60.24928576974658 38.96111774188096 0.04064676985704724
315 50.830271605702954 27.467836655530455 0.5207540905069917
316 57.74411879397453 27.975151768510592 -0.21599457091153323
317 63.17798889654719 24.509198546491795 0.8375155659074167
318 45.54439811279891 28.870508238502605 0.3052616099521913
319 48.70024332094514 27.29348389795122 0.3236299888346835
320 58.030045382401724 29.081607154219707 0.21587833455297367
321 61.92104614640353 20.469350547010094 1.45607642292088
322 56.01174963299561 28.38532074440854 0.14794511137008481
323 44.24758779202891 17.061842004011144 0.4871556417167829
324 45.69505586237567 23.90588935320945 0.7438318562894264
325 49.31716763776144 33.80413900656995 -0.6239938190452432
326 34.76873634083525 20.794932530408577 -0.19776442195345817
327 53.33151350921194 21.427693330454638 -0.5591148351364439
328 38.26484606505518 15.348784315645336 0.0
329 55.03797721139183 12.480446251432156 0.0
330 57.69072385013395 18.92462003368041 0.0
331 46.390954627347575 16.345485572691157 0.0
332 51.34935171941463 17.94136341165024 0.0
333 54.58982931806811 21.923508145727723 0.0
334 40.81547905718264 19.559571388885203 0.02325691042833044
335 42.41675404201785 41.4 0.04189239497015962
336 47.031436145970005 21.98983952222595 0.12205997195084534
337 49.48127474503659 10.550099311099395 0.12173578736867305
338 45.12745333415807 14.780600169959765 0.048041345989779084
339 53.74975930742456 18.756401695139747 0.03714136654893491
340 47.44647397993156 15.023365788151008 0.00482486789458815
341 40.920501217697236 19.322643058849525 0.09443328351778552
342 49.500102122886894 21.0438460180385 0.09959984673346342
343 50.922533436478204 10.374382563263055 0.11135617211555476
344 48.24755462769803 13.561204800308584 0.07763490763129229
345 45.7059177459627 16.994605143512818 -0.07251843042183827
346 40.33603121317515 16.903949290839314 0.0922616743339188
347 46.61023170993816 21.862691556242225 -0.4884007678646519
348 46.47118790721493 14.865781080763103 0.028563865148947876
349 49.54203703370669 18.51720004405691 -1.056282325834084
350 41.193095897514795 20.101454116521978 1.1027515960809602
351 48.02869927282415 18.153302988439496 2.0979126995327384
352 43.49074235740025 16.16467705196679 1.1460317902954817
353 34.58763503007057 15.507997880222172 0.7355200510464408
354 36.5304289538976 14.505709250712114 -0.4217047816768889
355 42.06672207944146 15.85298851970283 0.25756448682106525
356 21.34731060286265 20.3 -0.7554656670121627
357 28.758353221128026 15.489675172744027 -0.11634663992946975
358 4.194494667302827 2.9289034500488302 0.4813114208724705
359 28.598999568005688 27.6 -0.7311406606603805
360 22.777342305804154 10.014601239561024 -0.4870697302969906
361 29.526782597207156 11.78719239894115 1.1174183836053435
362 42.67442519157578 41.7 0.9743042636923251
363 47.28541078088598 27.630773954537887 1.1766216214328074
364 35.51567587671859 14.133317390164482 0.8702749174151748
365 18.492007430344998 -3.5494609821039607 0.7331424306968171
