001 5.7 -10.7 0.0
002 21.15011745078366 -9.891229370455484 0.13034565023859834
003 13.267478404770014 -6.836928954939967 0.1123329467989872
004 36.34401249796951 -5.560132297777857 0.2138600292116115
005 30.539151781478225 -3.6233821408125206 0.14400205312489925
006 16.046049615275166 15.0 0.030221862235295768
007 30.627015090342887 29.6 0.11408758495766612
008 45.523792428566374 -2.0394110345294614 -0.000504488073885978
009 34.57594524177053 0.12083515070543482 0.5403599014539293
010 37.19257905633114 36.2 0.14595987719690143
011 41.093379544949656 40.1 0.5113815706147838
012 45.44408811883774 -1.4484830630014498 0.05934172404919946
013 27.21222581420414 14.406494808474331 0.4894417676044612
014 41.6015294456595 21.044050681849328 0.0026993755121968444
015 25.014239527224564 24.0 0.23997456700430828
016 29.102961220212865 26.254349119342592 -0.009616130482826307
017 40.49361830182174 25.174010096398383 0.05598404213940297
018 31.4621803435098 17.929706438871822 0.008585221866114962
019 46.175466469552624 19.470258506202583 0.4701334528046474
020 36.93790117169719 19.439113500791585 0.20501610942135085
021 35.71834793720972 34.7 0.2110251708055627
022 38.38131178455156 37.4 0.5592950737776452
023 25.632020279581596 17.962870823706453 0.2383548321069589
024 36.75525935968288 14.543275824441933 0.1432715407987613
025 44.02926323710249 16.814166675507476 0.0995625217668326
026 27.844000178243853 19.785219178742782 0.383171435803789
027 52.5711410756379 16.584783640883803 0.12075391551979914
028 45.87927985430717 22.96733109357757 0.00511699579969839
029 41.14781023163435 21.204369133082036 0.08814305448173
030 45.49000212216257 24.53253129717995 0.4090898964237152
031 47.52787354869214 16.262498263159454 0.24914686194078653
032 39.31419839547765 13.444992046847931 0.17366889303793048
033 39.85019267453647 20.484690081435488 0.17003658684328318
034 48.069467151997664 32.4641966979444 0.22342272303188462
035 32.72067436458153 20.861217453668893 -0.30513783281966345
036 49.94049904369813 18.308738923868532 -0.2183408534521005
037 29.227217953420773 14.31124534939715 -0.12027804880930434
038 42.95777782139568 10.995348595748014 -0.11774014281579989
039 39.17307016086322 13.566853338315227 0.3923293809592515
040 44.8381027745744 19.15482812652173 0.05555079838588479
041 33.92843619723602 18.472941801525185 -0.07083815218688505
042 43.977292851821474 11.957285272870028 -0.06740610690832254
043 55.8923591286147 12.047387550724952 -0.08853579876333371
044 36.442434683582555 18.225698076802555 0.16012903982797255
045 42.4828342620897 41.5 0.13842040241723735
046 41.79431779559345 13.399632509153033 0.0
047 51.433742819090845 13.913474568498474 0.0
048 50.607674107393876 18.28660029098426 0.0
049 50.466450921906755 15.254957493653622 0.0
050 47.65972626678096 17.768048616002044 0.0
051 38.48301897495422 20.8448218294739 0.0
052 41.29857551200128 22.10432768301962 0.0
053 59.24156379201692 15.02622535106647 0.0
054 46.14213010725115 13.674959997974705 0.0
055 25.17778907794921 13.8668931231125 0.0
056 44.49662750319451 21.70334532428119 0.0
057 37.976373072973864 17.053929387042714 0.0
058 43.37368161636981 2.058540920412483 0.0
059 43.020213607206124 42.0 0.0
060 53.66601760583383 12.797460749891934 0.0
061 47.29960387256475 46.3 0.0
062 43.52198747908028 19.57420937515397 0.0
063 50.227794370197145 20.990280005042717 0.0
064 42.943763412122415 17.82245453913923 0.0
065 39.91485669272891 16.186297390497824 0.0
066 43.22434280639949 42.2 0.47697112080138315
067 39.69225452843364 38.7 0.22856807547307062
068 47.93561168928171 26.09226772545417 -0.49203039779343577
069 31.831014455758222 14.648647280942498 0.01661429005768797
070 35.76265265327667 14.9296164867435 -0.07321316067724695
071 37.05820089685611 12.989982115070081 0.509763733210626
072 33.638180147476085 19.739937451699557 0.18208808107220253
073 42.01144683987458 17.55400850857739 0.9763944065628258
074 58.30004804949084 57.3 -0.008515608803102648
075 33.7135239446696 10.221189917338439 0.2825037773643519
076 35.06374829515114 19.576830823490543 0.43235309855136195
077 39.37738964212969 20.77194861183623 -0.16544431110176336
078 45.921417145957186 15.294775976652701 0.7820863711040087
079 47.362026841743045 22.93568565139613 0.4381619130141917
080 49.59938613626646 15.003153201088308 -0.5376118807778445
081 28.55466937076462 18.1579488385586 -0.01457876357285709
082 42.60733501570673 31.852397462881495 -0.3617047983971388
083 57.90423810399771 17.141314872668545 0.5383629924763471
084 39.1702811596936 18.7958509114469 -0.5663652959227456
085 67.52885403687279 25.840533792896913 0.5618126400756518
086 51.7422227375083 22.574972166866928 0.21888580257474877
087 52.462792955893086 24.25363197906828 0.23461195473865515
088 56.14091725321018 19.93023181072271 -0.024953324068238497
089 57.466345633587714 28.541626618345727 0.09289257952252176
090 53.56803600998162 25.64436077133821 0.029531391245610827
091 52.63910296892308 24.765312724148092 -0.028785059466710144
092 55.57003477514207 27.69769436879234 0.013975345008113385
093 59.00249884252423 29.218602419307686 0.2653444797475794
094 55.4530024279673 30.30361131738678 0.4510435608797684
095 52.467115667366734 27.722248226953205 0.23289045452141538
096 63.64241769581999 24.903239673807043 0.1116754078920857
097 56.34709624434501 31.045733433479903 0.07364662966964441
098 46.45328373487138 32.35335639479264 -0.3010770820581336
099 51.29296783601092 33.06483708499366 -0.011420642031862743
100 51.92931606911481 27.55483927214871 -0.049035265363489476
101 58.3377781563017 30.18456760867282 0.0874334222071664
102 67.81458478057213 32.36251171074505 0.003366210383244684
103 52.83814872873934 23.743926897606226 0.07634581540359184
104 56.33403829816337 31.327871665123077 -0.04781416019152653
105 50.85883379415693 31.281022154414106 0.04517680276348951
106 54.680885798306754 23.338902085417626 0.020847186673083027
107 55.06086341486867 37.077978665691205 0.1400514699198965
108 49.25060290842482 21.502842262118662 0.05479673878052505
109 60.73329433665609 30.532446367794382 0.0369237265844492
110 60.365323757134384 34.513077287284254 0.0
111 61.064315539056054 28.785960309376364 0.0
112 65.82430022256513 32.73639589647189 0.0
113 75.58688959813333 41.871815659385824 0.2634140471385525
114 59.642909485972794 27.610157769662298 0.01280134278933609
115 62.64433928241053 27.3030951548286 0.1107213832621359
116 68.67882452279083 39.73797124789543 0.17234947521956695
117 75.67229428912827 30.803628226366627 0.055777465636243695
118 60.58917008678385 28.150164743191116 1.1072007702597353
119 61.385306678246764 36.648280031116855 3.3639541259220516
120 63.97589930443967 36.37627263610178 1.7472492765213405
121 71.89829619168822 45.030946083957495 6.782176613902653
122 61.41596756980221 39.29063527778451 11.251357543349357
123 64.93917794702915 35.15389068054223 2.7220860743915676
124 51.492835399068944 36.58214857999277 6.781749485220107
125 67.93651866097778 35.234841979750854 2.5031301723643438
126 73.16006159088933 42.49745528148365 7.444797271115933
127 55.54923315400043 40.93872387293128 4.409830715006692
128 64.26580537466522 42.36171583493286 12.466153676577232
129 68.85260088895774 33.71163611063949 4.206782025070744
130 72.52841083992307 48.3378573248549 7.406167068084308
131 72.20253128307324 38.99331354023827 2.2350959659846477
132 78.43687788680026 38.417912891835726 4.4814547115302386
133 56.74673934817972 45.146259934049084 6.41462126126445
134 68.37517143459631 39.46734797646162 13.486434232564331
135 64.15511558128104 41.98955545545243 -1.0476759540537763
136 71.82960233607793 38.83631229644796 2.123497485638584
137 68.4874939588928 49.220950513486876 10.161382782022397
138 58.213067015623764 44.355151398225296 4.966530140282235
139 76.98664271978186 44.78472118731286 0.8746047688245313
140 71.51127978297355 47.50664240936517 7.420151243657994
141 72.38644102492913 47.45730576124625 0.9359248565192853
142 74.06621553105539 41.066491923854066 1.4702690723140395
143 78.65051983729417 39.83068634366376 -0.17129024001130877
144 87.15739238199701 46.22321669065165 1.467369803658689
145 73.06767952212667 49.11869833467692 -1.1457303474445377
146 79.55735927431661 53.232436312746074 1.7620107054952225
147 84.53981642506842 45.83989143272362 0.03997956084697729
148 88.08255477039714 48.338076698332266 -0.7364216249710059
149 69.00402100061419 42.45642119312465 1.0661809610144397
150 65.65705418787351 48.660952501824845 -0.4211416605418705
151 72.6403906046724 44.83932676389122 0.5716347893979747
152 86.99817927063943 40.969074137963766 2.2406444051275276
153 61.50966822783823 42.90462359622161 1.550591694740973
154 65.19093403404918 48.94821897991665 1.7624752193324573
155 63.05027989757359 48.233977478664336 -0.27132105453775845
156 72.7313086236562 47.507633492735835 1.0140845544904336
157 72.57553619665781 42.68471557117977 0.7941515851363428
158 80.88201461242848 42.50889300753633 0.26664436842611927
159 69.25397029142947 46.66259273636617 2.1639628436362113
160 78.532097760466 43.62375297329312 1.5722154578909804
161 70.89345293161998 53.77634888759552 4.568687630387589
162 81.0245435261268 51.02956524012126 2.2477546889303217
163 73.08998245203792 51.4612123514302 -0.21904264259617712
164 87.48469948714263 54.8189094992546 1.6864567818071583
165 89.11996148734332 56.80747733376779 0.8260810317292753
166 77.84171783900484 54.19993665679109 -0.5671395526487694
167 84.79053044208801 60.01296401019745 1.748685999565434
168 76.53540333598934 59.695636349737114 1.2605747450608478
169 81.56744741529874 58.63319738817146 -0.36699192032496
170 86.05300598117688 53.560007508725946 1.3089277561543224
171 81.67774693755753 65.45825455578489 0.31868624126407463
172 90.04913331238056 63.65584746583225 -0.5539399072925411
173 90.40313692866842 60.98848243400098 0.1547326869929917
174 91.63275451702698 63.07935694179823 -0.6412238766355636
175 86.06835683808981 54.92784066034374 -1.0109393360588679
176 82.84571281125565 59.81803202696281 0.0015707057510256917
177 94.40784815561548 61.38754553793762 -0.6761190681039021
178 94.95730199756656 62.154689057912485 0.05025530442443026
179 90.6377393296837 58.35866819152671 -0.034691308361932696
180 87.86883549781581 62.23820565067218 0.04650111775485878
181 92.48608129573933 61.07261819153117 -0.026495906772259034
182 95.8820569624673 66.37893179337375 0.010463167859186192
183 89.78615097468723 64.59678775622746 4.703742016997131
184 85.45816575972815 66.57633724209441 1.7290706625133538
185 88.10156818929593 55.594021407940836 -1.812682041406667
186 101.15324086193755 100.2 -2.9004531925613657
187 86.52151818519712 62.13286350642679 -2.0234573184209776
188 87.36329494705438 62.117324560972044 1.4445447387081072
189 89.85283016159255 57.67002853260959 0.7742703745910791
190 89.16183631609037 61.42952412988591 3.5766773164323586
191 96.0410059206856 59.288288805922384 3.501425992988894
192 99.5352836888655 61.85166213339015 6.343582779803552
193 89.86493485937288 63.56873360022547 6.947512737717818
194 89.71549565961223 65.25761598495829 2.65295015688961
195 90.49052820679394 59.34634291119933 5.1691913853208575
196 90.2140278588479 68.15013527236157 1.8853009459204721
197 91.00421379580216 65.03371528147444 6.826474271027814
198 95.96662067321142 67.87004630921574 10.652105650697681
199 88.63972292010408 68.84640388599884 6.31648707708254
200 94.60064553286772 66.87777585877024 4.5217931280786905
201 94.7662806052635 64.34221797991987 4.605369510493187
202 90.51016768287452 68.22433256833482 4.623298090047708
203 97.03700099306369 64.78264446762846 8.603696457425833
204 92.6603546726425 65.38622256338638 5.067619480136006
205 92.35018875069508 60.830090754034046 2.480796435223475
206 98.39216005833849 64.83738906498026 1.6617099961595545
207 88.29154151080462 67.21688321496742 4.216987480428774
208 91.72555555657311 62.374486618591106 4.348303460532845
209 100.64612063569876 99.6 1.7382707644833049
210 90.06917192904821 64.73610426420842 -2.4209624424872196
211 86.44065448489208 59.03548179194058 -5.995554650279098
212 89.85381855056866 56.59984250762837 6.602124100668285
213 93.00118477179413 63.29573537399099 3.3846915078169473
214 91.28528947701146 63.29951924509001 0.6460471038190538
215 82.30923196571476 62.23475494958263 9.194603344740987
216 93.08090327827685 60.96649535832164 1.4565647852235555
217 95.04905394870664 64.06755840806059 1.761884215323181
218 90.79353552538781 64.33011981556139 5.400976954876953
219 87.17935154284882 61.928449508527095 8.635176157037119
220 86.84621757647126 65.93888342419918 1.0854680425307857
221 85.57364891456513 61.50095612335872 -1.272037229035175
222 94.03597876997064 62.60910584141502 -3.675446202477954
223 91.22223877874411 65.38176283388647 0.4907559692348218
224 86.41378403619223 58.97406931661356 2.761623191686793
225 88.46005255434464 67.08003259947733 0.6247440608219252
226 100.29160875299412 99.3 2.119832314540845
227 88.06292527403204 63.981158944474885 3.29478989240157
228 94.48505491253992 58.691222738293476 -2.1434595814105575
229 96.56342697066738 61.226044678764495 -2.2657123530550427
230 96.97371400299673 62.891417754548634 1.1088465130163319
231 81.46840507047118 61.890568732685885 1.9056909035921559
232 90.47033892169303 60.817419252664195 1.0329881013176396
233 85.84675919809536 62.375436296845415 2.330577551078016
234 84.19758114171984 64.35415264612945 0.8055509299434155
235 95.17849844278119 64.23970532233363 0.27653508992717746
236 89.0928312852826 59.4406974607019 0.664203776511388
237 84.22248513619712 59.457422875071295 -0.2987865371357725
238 88.6313270545217 61.31089475509385 -0.10837325809805542
239 86.63439532337411 59.371400142183944 1.852328297124279
240 95.96679762868486 59.888229764846834 0.7116775293790308
241 94.40402222083986 58.00629912370474 0.3878325011517047
242 87.29221461982038 57.73768389415928 1.5440109508336959
243 88.45272128615922 59.890008180006454 3.4490039802049646
244 90.24013433250141 58.91765103257879 0.07513522111578574
245 90.30119395344538 60.87112513729506 -0.925149046732288
246 83.8982412270155 58.88113659747111 0.9744908363884207
247 91.79886856057229 59.5064191289554 0.16222756342094496
248 90.81999035359468 57.61247955926501 0.41046622143249023
249 90.68170827210294 63.16933884154776 -0.026972287377962464
250 97.79227271713381 59.90111574294136 0.14867210367353387
251 90.28879102467022 54.91547745008644 0.18695754094361736
252 93.87932693390165 55.21181801583452 0.022910032654333695
253 86.83324486130786 57.01930420021221 1.3256579059257452
254 88.93595719572309 63.23512408849277 1.268095175217335
255 93.68932445632828 54.16455533233392 0.6758551623444865
256 89.21090293289487 54.2433250987126 1.2803062183278973
257 89.95447253558561 49.63601866480615 0.5139051597996773
258 85.14677039940418 56.32495402802404 0.8370392102008242
259 85.2281108240854 56.11370152341156 2.7370399736537054
260 85.2391309882088 53.56040356308083 1.3332174241226324
261 90.0445867630986 58.08146136559356 0.3984281606203791
262 91.41127829885896 54.3814163326384 -2.182966664454449
263 87.17125143843562 46.60537798690895 -1.5524659612955245
264 86.1900391045445 56.40193255858203 2.201761867019407
265 82.37413396604117 50.52474189481089 0.23319859933546838
266 86.40891487750402 46.276129881549615 0.1519284748191001
267 93.15032029176257 52.21171129395868 3.421280377869798
268 79.3410685976669 48.9279693726606 -2.2947716124596456
269 81.43225283906214 53.88073329988345 -0.9710731606747922
270 78.55777924666344 56.439307412444904 -0.5787036192081165
271 74.30536630698654 54.496654284632 3.0722392408459864
272 87.31219380430782 44.79699765925487 3.9606130238426864
273 80.29998107351504 49.432941422489016 -0.4540993735700447
274 80.91493972085163 45.6749992365408 0.17972133978162852
275 82.0338778562486 56.36290434133303 0.5376436214556862
276 86.20546259278508 56.26384835886335 4.378133903147697
277 85.55759508629063 48.18213086832082 1.733697187794473
278 83.7681163368526 49.85204341275991 1.5444702083791557
279 77.7955761041331 48.58585424498114 -0.0308821415770264
280 75.91037674041861 47.89362172473495 1.838720498473815
281 74.33038349332536 50.682429219278085 1.362944538822433
282 78.58473691083077 51.4350620767038 1.1888259335606919
283 80.9530234872575 34.9876463438185 0.045740870029098435
284 88.22723813942476 46.47169747359783 -1.8168218772968396
285 73.81753921398482 42.68995612817576 2.1603480501799392
286 66.11417680125386 47.204921319215714 -1.1468841985737255
287 73.95118598670263 32.72027252905134 0.7396176085114794
288 71.95193629409916 41.0706003566949 0.8286532180413821
289 69.3884543221506 37.934416589804144 0.9789668214984446
290 66.73462035358354 40.69811259225566 1.683716150984544
291 67.38305313084761 32.40189189047634 1.711196781103685
292 65.64133481835172 39.80500758030616 1.9457029790180458
293 68.56958885508844 32.7052480143528 -0.4814923961024009
294 52.70614594736844 35.45697916153219 0.8888443424732011
295 69.96973162467167 34.0901654956718 2.3223795887973586
296 66.50635520900195 32.14382456961741 1.1826706632351682
297 67.37988201217429 39.67782875155921 0.022193741446725146
298 79.4896609829542 36.41004537291919 -2.129411676446883
299 59.742444539700266 34.43605144551942 -0.822450946121802
300 63.99016710274069 34.796137984935854 0.03958332428406529
301 63.73435403884068 32.64744474971603 -0.02933311379077353
302 68.84401700547212 29.102500683171723 0.04790549166572091
303 51.419944605101584 28.287879195231707 0.050560653105419254
304 75.0629999183509 28.326762450431254 0.023089908665187737
305 59.150661438817586 34.589431299488496 -0.005344404347751793
306 67.7880167062564 26.548848091763634 0.023566790627453
307 66.62017567117555 35.979883004381975 0.12113346547797946
308 57.09441540585057 32.65970203653441 -0.4692590236406171
309 62.54630565823136 36.188818670839254 0.4285771223989665
310 58.48096029770345 33.988896277051204 0.32768780166329253
311 59.65399943312599 31.669513506290322 0.7445105968995285
312 64.66469899635871 24.693392145894027 -0.03648620705665867
313 59.713433418595926 39.80353008007533 1.0285484349677811
314 60.42468219116786 31.09865696407815 0.523092832878231
315 42.064869460429385 32.24783093911793 0.7462528078591848
316 63.68427180977732 33.2611032135344 -0.6271817366121273
317 63.7561502348891 27.452321932650623 -0.03379425970969241
318 50.603628885334615 26.103785931884595 0.8007659409446868
319 56.48303469629966 29.616181693770013 1.1757769584516966
320 56.903825753633214 41.744432932476315 0.3048138505001642
321 48.43545598865334 30.27138366553695 -0.7944932913084151
322 43.972882888750384 13.545051135772196 0.4453405819889371
323 47.004698555221964 21.886430458130697 0.5306341922832198
324 46.309059701791696 16.272557929500756 -0.0339206365008653
325 62.71328665298764 24.809994890447204 -0.6797172375851641
326 40.4571498339139 28.691160868053053 0.4974796898273766
327 57.35829018018784 14.566586465226969 0.7618429055284849
328 58.156477673156445 25.706934561136407 0.0
329 43.72945593698131 12.208435669349829 0.0
330 47.38599304936201 20.641156344200454 0.0
331 43.65412590392148 17.224971247901625 0.0
332 53.28345321874714 11.479886671537393 0.0
333 52.23838994845552 11.44681902312637 0.0
334 41.53366052767041 17.449889752615462 0.005307249065972318
335 46.93772064815688 16.6987354127136 0.01801184360350613
336 42.66262238677553 16.880377109505353 0.21092773872749088
337 46.50527319830485 17.515682752602935 -0.1301366413323493
338 41.91581176668811 15.951873712641646 -0.04010469940352796
339 48.153017182768096 17.475173195639847 -0.13069938158645214
340 44.1829933111803 15.36212847537924 0.0817793946732867
341 50.40050839503468 14.149609362663831 0.061087858126432054
342 52.83258911408107 16.91351128673229 0.02514126002691176
343 44.995923689499975 14.207852977575014 0.18812188829264193
344 48.24107508869655 16.895834271417325 0.06451274004369745
345 40.125374367603484 19.46866101022941 -0.16199445042541744
346 45.513751197064224 19.08139072218404 0.39864596540121533
347 47.025825086451036 16.337383972746284 -0.5460168787606537
348 40.9710181455292 15.631082014869808 1.664652188361054
349 44.68530452701623 22.91087213005829 1.5908179666867488
350 40.20763743337776 17.84196272908143 0.5827682304639162
351 39.78235600965924 16.85546345703791 1.264284053018975
352 42.99341109328485 14.32920709214568 1.598455395059033
353 43.991049618484524 17.730268798940994 0.5538846322651158
354 38.98218078533787 15.993342513060472 0.3597309546924897
355 37.8638244519999 12.27510873506108 -0.6731684560252473
356 37.16973953967899 14.793080353277698 -0.3852397231034838
357 15.872352205232545 14.9 1.189023272425154
358 42.785497842996875 12.815313979931918 0.9021749466581673
359 25.492805668186847 16.537937717165363 1.3239437457050407
360 37.372654051557625 -1.4053736737398985 0.3970662414912034
361 50.79854940277784 49.8 -0.26908071543387463
362 33.160020141830884 12.122150875646348 1.5816806492039883
363 25.208852316268292 12.195845176580363 -0.2625854970992287
364 36.161370808076896 35.2 0.04667323423505537
365 27.982930899670905 16.286026330898444 -0.6854947853091251
