2011001   8.7 -16.2  -8.6   1.0   1.8 71.5
2011002   9.2 -15.1  -1.9   1.5   1.3 69.8
2011003   8.3 -18.1   4.5   1.0   1.0 71.8
2011004   9.7 -13.0  -3.1   0.0   1.1 75.1
2011005   8.1 -13.1   6.3   0.0   1.2 74.0
2011006   7.9  -2.7   4.9   0.0   1.9 69.8
2011007   9.0  -7.5   7.9   0.0   2.8 70.8
2011008   4.6  -6.6  -4.9   0.0   2.6 87.3
2011009   3.1 -13.2  -6.7   0.0   2.6 94.8
2011010   7.1 -24.2 -17.4   0.0   2.4 88.2
2011011  10.8 -23.3  -7.9   0.0   1.2 68.8
2011012  10.9 -20.6  -8.3   0.0   1.7 73.0
2011013   8.6 -14.1   5.7   5.1   1.6 77.7
2011014   9.1 -11.2   4.7   0.0   1.1 79.8
2011015   4.7  -6.4  -1.1   0.0   1.9 97.5
2011016   5.1 -10.2   7.5   0.0   2.1 92.8
2011017   6.5  -4.7  15.7   0.0   2.4 77.5
2011018   4.6 -11.5   5.8   0.3   2.1 90.5
2011019   3.0 -16.4  -5.4   0.0   2.5 94.1
2011020  10.2 -24.7   0.7   0.8   2.1 84.5
2011021   8.1  -5.0   6.7   3.3   1.5 75.8
2011022   6.3 -10.7   4.0   1.8   3.3 80.4
2011023   9.2  -8.2   4.2   0.0   2.4 73.0
2011024   9.7  -7.9   5.6   0.0   1.6 70.1
2011025  11.0  -5.8   2.1   0.0   1.4 67.5
2011026  11.4  -9.9   9.2   0.0   1.3 73.9
2011027  11.1  -3.3  13.2   0.0   1.5 64.8
2011028  11.5  -1.5   9.9   0.0   1.4 59.1
2011029  10.8   1.7   9.0   0.0   2.5 76.8
2011030   3.1  -6.5   0.9   0.0   3.0 95.2
2007031  11.0 -14.9   0.2   0.0   1.9 76.6
2007032   8.3 -15.2  -4.6   0.0   2.9 72.7
2007033  12.0 -23.2  -6.4   0.0   2.7 58.9
2007034   7.6 -21.7  -2.8   0.0   1.1 71.8
2007035  11.5 -13.1  -2.8   0.0   2.0 72.2
2007036   8.9  -9.6   3.2   0.0   1.8 77.7
2007037  11.9  -2.4  11.6   0.0   2.5 75.6
2007038   3.8  -2.4  -0.7   0.0   2.5 90.5
2007039   4.3 -10.1   0.3   0.0   3.5 91.5
2007040   3.5 -10.1  -7.6   0.0   1.6 99.3
2007041   3.1  -7.2  -3.1   0.0   1.7 98.7
2007042   3.7  -7.2  -3.0   0.0   1.7100.0
2007043   3.6 -14.2  -1.8   0.0   3.9 95.6
2007044  10.4 -19.5 -18.0   0.0   3.3 83.8
2007045  11.8 -20.7 -14.7   0.0   1.4 78.6
2007046  14.8 -20.6 -12.8   0.0   2.4 76.3
2007047  10.2 -13.5   6.7   0.0   2.5 75.0
2007048  13.2  -5.8   5.2   0.0   2.3 71.7
2007049  14.9  -5.2  10.0   0.0   1.8 72.8
2007050  13.2  -1.6   8.3   0.0   1.9 71.2
2007051  13.4  -0.8   9.5   0.0   2.4 78.8
2007052  15.2  -3.8  11.2   0.0   1.7 69.4
2007053  14.7  -4.2   3.6   0.0   3.3 74.3
2007054  14.3   0.3   7.1   0.0   2.2 81.1
2007055   4.0  -0.4   3.6   0.0   2.9 95.2
2007056  15.9 -10.9   3.4   0.0   1.9 78.6
2007057  10.6  -9.6  -0.7   0.0   1.7 88.6
2007058  12.8 -10.0   5.7   0.0   2.4 86.8
2005059  15.1  -8.6   1.1   0.0   2.1 54.5
2005060  16.3  -9.9  15.7   0.0   2.3 56.5
2005061  14.5 -12.4  11.3   0.0   1.3 55.5
2005062  16.0  -4.5  16.9   0.0   1.3 51.9
2005063  16.6  -5.8  22.3   0.0   1.3 52.6
2005064  16.6  -5.5  21.2   0.0   2.6 56.1
2005065  16.7  -2.3  21.6   0.0   2.6 48.3
2005066  11.7  -2.0  10.3   0.0   2.9 60.8
2005067  10.2   0.5   7.3   0.0   2.6 68.0
2005068  14.1  -4.7  11.4   0.0   2.1 61.6
2005069  15.4  -6.4  14.3   0.0   3.4 47.5
2005070  15.6  -1.5  18.7   0.0   2.5 42.3
2005071  12.5   2.5  10.8   0.0   3.9 45.1
2005072  11.0  -2.9   9.1   0.0   2.0 61.8
2005073  15.8  -1.2   8.7   0.0   1.8 61.9
2005074  16.7 -11.6   7.2   0.0   1.7 57.4
2005075  17.4  -8.2  13.8   0.0   1.7 48.6
2005076  12.4  -2.2  12.2   0.0   2.0 48.9
2005077   9.8  -2.0   3.4   0.0   3.2 69.7
2005078  17.4 -11.8   8.0   0.0   2.8 66.8
2005079  13.6   1.3  14.3   6.0   4.9 66.5
2005080   3.6   1.3  -0.1  10.0   3.5 95.0
2005081   4.6   1.3   1.7  12.0   2.9 94.3
2005082   6.9  -4.2   0.4   0.0   2.8 91.7
2005083   2.9  -4.2   1.0   1.0   2.7 92.1
2005084   5.2  -4.0   2.1   0.0   3.1 90.3
2005085  11.3  -6.7  10.6   0.0   1.0 74.7
2005086  18.8  -1.5  19.0   0.0   2.4 58.9
2005087  15.6   1.9  20.8   0.0   2.7 49.5
2005088  16.8   6.3  21.8  11.0   2.7 59.7
2005089  15.4   3.6  11.0   4.0   2.6 58.5
2015090  23.9   0.0  26.8   0.0   2.5 46.5
2015091  21.2   8.3  24.9   0.0   4.4 40.3
2015092  11.1  -2.0   8.5   3.0   2.1 62.9
2015093  23.7  -1.8   8.5   2.5   2.2 66.0
2015094  24.8   0.4  17.6   0.0   3.0 52.7
2015095  25.0   0.0  23.2   0.0   2.7 46.8
2015096  14.6   2.4  14.1   0.0   3.6 76.7
2015097   9.6   5.0  16.7   1.0   3.3 87.0
2015098   5.5   5.0   2.4   1.0   3.1 99.3
2015099  13.0   1.0  11.4  10.9   2.3 76.3
2015100  24.4   1.4  20.5   0.0   2.4 55.1
2015101  24.0   6.8  24.0   0.0   5.1 54.1
2015102  22.1   4.4  24.9   0.0   3.3 58.8
2015103  25.4  -0.2  18.5   0.0   1.9 60.4
2015104  26.1   5.1  18.0   0.0   5.7 35.2
2015105  24.6   5.9  19.0   2.5   6.0 65.1
2015106   7.3   8.9  14.3   0.0   2.6 89.2
2015107   7.8   7.7  12.7  22.9   3.1 91.1
2015108  20.7   4.1  17.4  17.5   1.9 75.7
2015109  16.5   4.5  11.1   7.1   3.8 66.9
2015110  23.0  -1.9  16.0   0.0   1.6 59.0
2015111  25.1  -2.8  17.9   0.0   2.3 59.0
2015112  26.6   0.7  12.2   0.0   3.0 64.8
2015113  20.2   5.5  20.0   6.3   4.5 68.9
2015114  16.2   9.5  24.9   3.8   2.7 71.1
2015115  20.9   9.8  20.1   0.0   2.7 77.7
2015116   6.6   7.0  10.0   0.0   2.9 86.5
2015117  21.3  -1.2  21.5   0.0   2.2 65.2
2015118  22.5   3.4  18.8   0.0   1.9 69.6
2015119  26.5   1.9  19.9   0.0   2.2 65.2
2009120  24.0   8.2  20.1   6.6   3.7 64.6
2009121  13.1   4.8  10.5   3.6   2.4 64.3
2009122  11.6   3.7  13.6   4.3   1.2 61.5
2009123   6.9   6.0  10.9   6.9   1.6 60.3
2009124  16.1   1.2  19.6   0.0   4.2 53.8
2009125  18.8   6.6  25.5   0.0   2.8 55.4
2009126  26.1   8.1  25.7   0.3   2.1 64.4
2009127  25.9  10.4  24.2   0.0   2.2 48.3
2009128  26.9   3.3  20.3   0.0   3.0 65.4
2009129  23.6   1.6  18.8   0.0   1.2 64.4
2009130   7.5   1.6   9.4   4.1   1.3 79.0
2009131  21.8   3.6  18.5   0.3   3.6 78.8
2009132  16.4  10.2  24.0   7.1   3.8 61.0
2009133  26.3  11.4  17.1   0.3   2.4 62.8
2009134  25.2   5.3  21.0   0.0   3.3 67.7
2009135  22.6   9.7  20.0   0.0   3.6 73.2
2009136  23.4   4.8  21.1   0.0   1.8 73.1
2009137  26.0  11.5  25.0   0.0   3.3 60.4
2009138  27.7  10.0  31.2   0.0   2.4 59.7
2009139  26.9  16.5  32.4   0.0   6.0 48.6
2009140  27.1  13.4  29.7   0.0   5.0 53.3
2009141  12.3  10.9  15.1   0.0   4.1 78.3
2009142  22.2   8.1  25.4   0.8   2.7 72.4
2009143  13.6  11.9  17.1   8.6   2.4 78.3
2009144  20.0  14.8  24.5   0.5   3.1 73.9
2009145  13.9  14.9  26.5  11.7   2.6 78.2
2009146   3.5   9.7  13.9  14.7   3.4 93.9
2009147  22.9  10.0  18.7   0.3   2.0 66.1
2009148  28.6   4.2  22.5   1.8   1.6 53.9
2009149  29.0   7.0  27.8   0.0   1.7 63.1
2009150  28.9   7.7  27.2   0.0   2.1 54.6
2005151  14.2  11.4  19.2  19.0   1.5 73.6
2005152  26.2  12.1  23.4   0.0   3.8 69.0
2005153  11.6  12.2  21.8  37.0   2.9 88.5
2005154  15.3   8.5  25.5  22.0   1.8 81.7
2005155  20.9  12.8  23.1   7.0   1.9 75.0
2005156  25.7  10.3  28.2   0.0   1.7 66.2
2005157  26.9  14.7  30.3   0.0   4.8 68.2
2005158  27.8  14.0  29.4   0.0   3.3 62.7
2005159  29.2  10.9  29.0   0.0   1.5 55.8
2005160   8.6  16.8  24.0   0.8   2.6 77.7
2005161  10.3  14.0  17.4  20.8   2.5 87.2
2005162  22.9   8.7  20.3   0.0   1.6 73.8
2005163  13.0  10.8  17.7   7.4   3.1 86.8
2005164  13.5   9.7  13.5   3.0   2.3 84.4
2005165  28.1  10.8  22.7   0.0   1.5 63.1
2005166  27.2  10.7  29.4   0.0   2.9 68.9
2005167  22.6  15.1  25.5   9.1   2.7 76.1
2005168  23.2  14.9  29.7   0.0   3.9 76.0
2005169  18.6  19.9  30.6   0.0   4.0 80.6
2005170  19.2  21.2  28.1   0.0   3.5 73.4
2005171  26.1  18.8  35.0   2.5   3.1 73.2
2005172  25.4  21.1  29.1   0.3   3.7 66.5
2005173  27.0  20.9  34.2   0.0   2.9 70.7
2005174  27.6  21.2  34.0   0.0   2.7 55.0
2005175  23.0  18.7  26.9   0.0   3.7 65.0
2005176  25.6  18.3  32.2  14.7   2.8 68.3
2005177  25.7  19.4  33.0   0.8   2.9 65.6
2005178  26.5  14.2  27.6   0.3   1.9 73.1
2005179  26.8  15.1  26.8   0.0   2.1 73.5
2005180  27.4  13.7  27.8   0.3   1.9 63.4
2007181  26.9  16.3  27.8   0.0   3.4 73.7
2007182  23.4  15.0  24.9   0.0   4.2 77.8
2007183  27.1  14.1  28.4   0.0   3.9 73.9
2007184  22.1  20.9  30.6  12.9   2.8 72.9
2007185  26.4  17.4  28.7   0.0   1.7 66.0
2007186  21.6  15.7  30.7   0.0   1.4 67.0
2007187  28.0  16.0  35.0   0.0   1.7 60.1
2007188  28.5  14.3  35.5   0.0   2.7 54.6
2007189  25.8  19.0  33.2   1.5   3.2 68.8
2007190  21.2  20.2  28.6   1.3   1.7 74.2
2007191  20.9  15.1  26.6   6.1   2.8 67.4
2007192  18.9  15.6  22.2   0.0   1.6 77.6
2007193  21.4  14.8  31.5   0.0   1.6 75.4
2007194  22.8  15.8  25.3  14.5   2.3 77.0
2007195  27.6  16.6  29.2   0.0   1.7 66.5
2007196  22.8  19.2  34.0   0.0   2.3 60.8
2007197  25.5  14.6  33.5   0.0   1.4 69.1
2007198  25.0  19.9  34.4   0.0   3.4 59.9
2007199  22.9  19.0  32.3   2.5   2.4 63.8
2007200  13.3  17.8  25.7   0.0   2.9 82.1
2007201  15.1  19.3  26.4   0.0   2.7 85.8
2007202  26.0  17.7  34.8   0.0   4.3 65.8
2007203  25.4  20.1  32.0   0.0   3.8 60.8
2007204  24.3  18.6  33.5   0.0   2.0 71.9
2007205  25.9  19.4  33.0   0.0   2.5 69.1
2007206  26.2  17.7  34.1   0.0   3.9 57.9
2007207  22.6  19.0  32.4   0.0   2.0 62.0
2007208   9.0  18.2  25.0   0.0   1.8 80.5
2007209   7.4  18.3  21.6  35.8   1.9 89.4
2007210  15.6  19.7  27.9   0.0   1.9 83.9
2007211  20.2  18.7  25.1   0.0   2.1 81.5
2013212  22.5  18.3  25.4   0.0   2.1 78.0
2013213  20.1  18.8  30.9   9.7   2.9 68.9
2013214  23.4  17.7  24.8   0.0   2.6 79.0
2013215  10.6  17.0  23.2   0.0   3.4 78.5
2013216  13.8  20.1  25.0   0.0   3.1 80.5
2013217  16.1  19.8  32.9   0.0   2.6 76.7
2013218  22.3  15.7  31.4   0.0   2.5 76.7
2013219  16.8  14.5  28.4   0.0   2.2 71.5
2013220  12.8  18.9  25.2   1.3   1.8 68.2
2013221  20.7  13.7  27.9   0.8   1.7 71.1
2013222  24.9  11.6  30.3   0.0   2.9 63.7
2013223  19.5  16.2  30.5   1.3   2.2 67.6
2013224  22.3  12.7  27.5   0.0   1.6 78.3
2013225  16.3  19.4  21.9   0.0   3.1 77.0
2013226  16.4  15.9  25.4   0.0   3.1 72.6
2013227  20.5  12.8  27.8   2.0   2.1 71.7
2013228  15.3  18.9  26.8   0.0   2.5 79.9
2013229  10.4  17.1  21.8   0.0   3.6 81.1
2013230  15.3  19.5  24.7   0.0   3.7 76.8
2013231  22.6  14.2  36.2   0.0   2.6 62.8
2013232  22.4  16.0  34.9   0.0   3.6 55.2
2013233  21.7  16.7  34.5   0.0   3.3 56.0
2013234  18.6  18.9  28.1   0.0   3.0 80.4
2013235  17.9  17.7  33.5   0.0   3.1 66.8
2013236  22.2  17.8  35.2   0.0   5.3 49.0
2013237  22.2  22.8  36.4   0.0   5.4 43.5
2013238  22.3  21.1  33.6   0.0   3.9 42.7
2013239  22.6  21.4  37.2   0.0   2.7 44.8
2013240  20.1  16.0  35.7   0.0   2.7 52.1
2013241  22.4  15.6  35.1   0.0   1.6 57.2
2013242  20.9  15.6  33.1   6.3   2.2 65.6
2006243  19.2  15.0  25.4   0.0   3.3 71.6
2006244  10.4  14.4  19.9   0.5   3.2 79.4
2006245  19.2   4.3  16.5   0.0   1.9 68.4
2006246  20.6   7.4  25.0   0.0   1.6 66.8
2006247  22.0   8.8  22.1   0.0   1.3 70.3
2006248  22.3  -1.1  23.4   0.0   1.5 65.5
2006249  21.2   4.8  26.7   0.0   2.9 64.4
2006250  19.1   9.9  29.4   2.8   2.5 65.8
2006251  17.0   4.9  24.7   4.1   1.5 75.1
2006252   2.9  11.1  16.9  17.3   2.0 98.7
2006253   6.3  13.6  18.2   0.3   3.8 88.3
2006254  11.0   5.9  18.2   0.0   1.7 81.4
2006255  18.9   4.7  26.6   0.0   1.4 66.4
2006256  20.0   7.4  30.3   0.0   2.4 65.1
2006257  18.6  16.3  28.2   0.0   5.8 64.4
2006258  17.1  17.1  25.9   0.0   4.6 58.4
2006259  18.9  12.8  26.7   0.0   2.0 63.2
2006260  18.7   0.6  19.6   0.0   1.5 56.4
2006261  16.5   1.5  14.6   0.0   2.0 70.0
2006262  19.3   1.4  20.5   0.0   1.7 67.6
2006263  19.2   4.6  19.8   0.0   2.8 71.7
2006264   3.4   8.0  10.8  41.4   2.8 93.0
2006265  10.6   6.9  13.2   0.0   2.1 80.2
2006266   5.5   4.8  13.0   2.0   2.6 85.5
2006267  17.5   1.5  16.5   0.0   1.2 66.9
2006268  17.9   1.0  23.3   0.0   1.1 68.9
2006269  19.0   0.7  27.1   0.0   1.1 60.2
2006270   8.8  -0.9  16.3   0.0   2.0 69.6
2006271  17.8   2.8  17.2   0.0   1.6 65.3
2006272  16.7   7.0  29.2   0.0   1.2 62.6
2016273  18.4   1.8  21.6   0.0   2.1 63.9
2016274  12.8   4.9  20.1   0.0   2.6 66.2
2016275  15.9  13.1  28.2   0.0   2.6 61.8
2016276  16.7   5.6  25.1   0.0   3.0 67.3
2016277  12.1  10.7  28.4  31.8   6.3 68.9
2016278  12.8   5.4  18.8   0.0   0.9 64.0
2016279  16.5   6.1  22.6   0.0   1.3 57.5
2016280   3.6   2.9  13.0   4.1   2.6 77.4
2016281  16.3  -1.1  21.9   0.0   1.6 66.7
2016282  16.9   0.7  26.9   0.0   1.4 53.3
2016283  15.8   1.2  26.5   0.0   3.0 69.0
2016284  14.5  12.9  24.8   0.0   3.0 64.2
2016285  11.3   4.2  16.2   0.5   3.3 72.3
2016286  15.4   0.3  12.6   1.0   2.7 66.4
2016287  15.3   1.2  16.9   0.0   3.6 64.4
2016288  12.7   7.5  27.5   0.0   3.4 64.7
2016289  14.1  13.1  27.4   0.0   1.6 61.5
2016290  10.5   6.9  23.6   0.0   1.1 65.5
2016291  13.5   1.2  27.3   0.0   1.3 56.4
2016292  14.4   8.6  23.4   0.0   1.1 52.3
2016293   8.5   7.5  14.6   0.3   1.4 71.8
2016294  13.2   3.0  17.6   0.0   1.5 64.7
2016295  13.5   0.5  21.5   0.0   2.1 56.4
2016296  14.2   2.8  26.9   0.0   1.5 56.4
2016297  13.1   0.6  20.0   0.0   2.3 47.0
2016298  12.7   1.2  21.6   0.0   2.6 65.6
2016299   6.1   7.3   9.3   0.0   1.6 88.6
2016300  12.9   5.0  28.2   0.0   1.1 58.8
2016301  13.0   6.4  26.6   0.0   2.2 52.6
2016302   9.5   5.3  24.3   0.0   1.1 54.7
2016303  10.4   6.8  15.1   0.0   3.1 74.2
2017304   3.4  -8.4  -3.9   0.3   3.8 84.4
2017305  10.6  -1.6  17.1   0.0   1.8 60.7
2017306   8.0  -3.4   4.2   0.0   3.3 68.5
2017307   3.5  -2.3   4.2   0.0   2.4 85.0
2017308   8.0   2.7  13.2   0.0   3.2 77.3
2017309   6.6  -1.9   4.5   0.0   2.5 64.0
2017310   6.4  -3.7   5.7   0.0   2.1 63.8
2017311   3.0  -5.7  -2.3   0.0   1.8 84.0
2017312  11.4  -6.2   9.0   0.0   3.2 66.9
2017313   9.3  -4.0   0.1   0.0   1.8 78.4
2017314   3.3  -6.7   2.2   0.0   3.7 79.0
2017315   4.3   1.5   9.0   0.0   0.6 81.4
2017316  10.9  -5.5   7.7   0.0   2.0 73.4
2017317   7.6  -2.1  15.8   0.0   3.8 76.8
2017318   7.5   5.5  17.5   0.0   2.2 69.5
2017319  10.7  -3.6   8.3   0.0   2.3 60.3
2017320  10.1   0.5  16.6   0.0   4.5 53.6
2017321   7.8   1.4   7.5   0.0   2.6 66.7
2017322  10.4  -1.1   8.7   1.8   3.7 61.8
2017323  10.0  -4.7  17.0   0.0   2.2 48.6
2017324   7.0  -1.0  16.7   0.0   2.0 39.5
2017325   9.7  -5.8   6.5   0.0   3.3 57.5
2017326   9.2  -0.5  19.6   0.0   2.7 57.8
2017327   8.8   3.7  20.4   0.0   2.0 63.1
2017328   8.3  -0.5  23.9   0.0   3.5 56.1
2017329   9.4  -5.8  15.7   0.0   1.6 63.8
2017330   8.7   1.2  20.1   0.0   2.1 58.0
2017331   9.3   0.9  18.8   0.0   2.1 47.7
2017332   9.2  -5.1   7.5   0.0   3.9 45.3
2017333   5.7  -8.0  10.5   0.0   3.7 50.7
2015334   4.1  -7.9  -0.3   0.0   1.1 92.0
2015335   4.2  -7.4  -0.7   0.0   1.9 87.4
2015336   9.4  -7.5   8.1   0.0   1.0 72.1
2015337   9.2 -11.6   5.5   0.0   0.9 71.9
2015338   8.2  -3.9  11.4   0.0   3.4 72.0
2015339   4.8   1.6  11.8   0.0   1.6 75.1
2015340   9.0  -3.7  13.2   0.0   1.9 56.6
2015341   6.2   1.2  12.8   0.0   1.7 56.4
2015342   7.8   1.5  18.8   0.0   1.5 54.7
2015343   7.6   2.0  15.0   0.0   1.9 59.0
2015344   7.9   7.3  15.9   0.0   2.2 49.6
2015345   7.0  -1.3  12.8   0.0   1.8 64.2
2015346   2.1  -1.3  -0.6   0.0   3.4 86.5
2015347   2.2  -1.3   3.0   0.0   3.6 87.7
2015348   7.9  -5.0   4.0   0.0   2.4 77.6
2015349   1.9  -5.6  -0.1   0.0   3.6 97.0
2015350   8.8 -10.6   2.8   0.0   4.9 80.3
2015351   7.4 -12.3  -7.0   0.0   2.9 80.1
2015352   8.7  -9.7   0.8   0.0   2.2 71.2
2015353   8.3  -8.3   3.6   0.0   1.9 73.1
2015354   4.7  -7.6   5.6   0.0   1.7 81.3
2015355   7.5  -4.3   4.9   0.0   1.7 72.6
2015356   5.4  -3.9  11.4   0.0   2.3 71.0
2015357   7.9  -2.6   4.7   0.0   1.3 70.3
2015358   7.7  -4.7   4.7   0.0   2.0 66.2
2015359   3.7  -7.4   7.4   0.0   4.2 65.4
2015360   3.9 -10.5  -3.9   0.0   3.8 88.1
2015361   8.2 -12.0   0.8   0.0   1.3 74.6
2015362   4.6 -11.6  -3.1   0.0   1.8 60.8
2015363   5.9 -12.6  -0.1   0.0   1.0 73.3
2015364   6.9 -11.8  -2.3   0.0   1.0 72.8
