001 35.4 33.6 0.0
002 34.1 30.9 0.0
003 32.3 29.8 0.36
004 30.4 21.5 0.02
005 29.0 20.4 0.57
006 28.5 23.9 1.2
007 26.4 19.7 0.51
008 33.2 21.1 0.11
009 32.4 10.0 0.57
010 33.5 17.0 0.72
011 29.5 14.9 1.07
012 33.4 13.4 0.35
013 30.6 18.7 0.24
014 34.0 14.9 0.19
015 33.7 16.5 0.06
016 35.1 17.2 0.35
017 35.7 18.1 0.11
018 35.6 18.9 0.41
019 32.8 20.2 0.59
020 34.7 19.8 1.42
021 28.8 21.5 0.37
022 31.2 15.0 0.17
023 28.6 12.1 0.63
024 33.7 16.4 0.24
025 35.9 14.7 1.5
026 30.6 17.2 0.23
027 35.5 12.4 0.5
028 34.0 14.7 0.32
029 29.5 28.5 0.52
030 28.5 15.7 0.04
031 30.5 16.9 0.07
032 28.3 15.9 0.1
033 31.3 -1.6 0.22
034 21.6 17.0 0.32
035 22.5 21.5 0.08
036 25.4 11.2 0.15
037 29.7 28.7 0.09
038 33.0 13.1 0.28
039 28.8 13.1 0.49
040 31.7 14.8 0.06
041 27.1 26.1 0.09
042 32.3 31.3 0.04
043 32.8 31.8 0.07
044 28.9 13.7 0.04
045 36.0 19.2 0.03
046 36.1 14.1 0.02
047 33.9 32.9 0.03
048 31.8 11.0 0.03
049 31.8 10.8 0.0
050 36.4 10.2 0.02
051 36.3 12.8 0.04
052 35.4 20.5 0.0
053 34.2 17.3 0.0
054 37.7 23.7 0.0
055 31.3 18.4 0.0
056 40.5 17.2 0.02
057 29.6 25.8 0.02
058 37.0 21.8 0.04
059 45.3 19.8 0.03
060 43.6 31.9 0.02
061 34.5 17.9 0.05
062 43.1 11.5 0.01
063 34.5 33.5 0.02
064 27.7 12.1 0.06
065 39.4 15.7 0.03
066 26.8 21.8 0.05
067 36.8 35.8 0.06
068 28.0 27.0 0.0
069 42.4 16.3 0.91
070 28.6 19.0 0.71
071 40.0 32.7 0.06
072 27.8 13.7 0.68
073 51.8 14.2 0.16
074 44.4 29.2 0.22
075 42.6 22.1 0.76
076 40.2 25.0 0.43
077 48.3 27.1 0.39
078 40.7 23.4 0.58
079 50.8 23.0 1.28
080 50.9 20.9 0.11
081 50.2 23.9 0.52
082 51.9 23.8 0.81
083 38.6 25.3 1.13
084 49.7 23.0 0.62
085 47.8 23.5 0.71
086 50.7 18.6 1.89
087 43.8 17.7 0.71
088 45.3 25.5 0.14
089 53.2 18.7 0.94
090 38.0 23.3 0.07
091 48.6 23.7 0.12
092 47.9 24.5 0.48
093 44.8 20.2 1.02
094 47.9 18.1 1.19
095 60.0 16.2 0.04
096 43.0 24.4 0.19
097 36.0 21.0 0.02
098 45.4 17.5 0.1
099 50.5 23.6 0.15
100 62.5 19.8 0.01
101 53.6 20.7 0.05
102 61.4 26.3 0.07
103 65.0 29.5 0.05
104 75.2 42.2 0.04
105 61.4 23.5 0.08
106 53.4 34.5 0.21
107 59.4 23.1 0.06
108 70.3 18.7 0.19
109 61.0 41.0 0.08
110 73.3 41.2 0.05
111 59.9 35.4 0.04
112 77.2 33.4 0.07
113 55.2 26.7 0.03
114 68.6 24.2 0.02
115 71.7 25.5 0.13
116 82.5 30.5 0.18
117 59.6 39.2 0.09
118 65.5 38.4 0.22
119 66.9 35.5 0.07
120 61.9 30.9 0.21
121 58.5 33.5 0.0
122 64.0 31.5 0.1
123 64.0 33.7 0.08
124 69.3 26.5 1.94
125 64.2 27.0 1.07
126 71.1 30.0 0.31
127 62.3 30.9 2.14
128 67.2 38.9 1.31
129 61.9 37.5 4.34
130 74.2 21.6 6.12
131 64.5 38.5 10.0
132 66.2 36.3 3.49
133 69.8 40.7 0.76
134 67.1 46.8 10.83
135 74.0 44.3 2.9
136 74.0 52.1 11.75
137 72.6 38.8 0.88
138 74.3 53.6 10.85
139 68.3 52.0 0.27
140 70.4 34.9 5.31
141 69.7 56.7 8.94
142 68.9 50.4 0.58
143 74.6 49.8 3.25
144 62.7 46.9 3.43
145 71.5 49.6 7.66
146 69.4 52.4 9.99
147 67.3 51.8 3.18
148 69.2 53.0 4.21
149 72.1 54.7 7.91
150 70.9 52.9 4.97
151 66.3 48.3 2.61
152 71.7 53.1 13.57
153 72.0 51.6 4.6
154 67.7 55.8 1.2
155 72.2 52.3 7.58
156 73.6 52.2 4.27
157 73.5 58.3 5.45
158 77.7 58.5 1.57
159 76.2 54.9 1.29
160 76.3 58.2 3.17
161 77.6 57.0 5.19
162 78.6 55.4 3.23
163 75.6 54.3 9.99
164 80.4 55.9 6.98
165 75.5 56.7 2.8
166 79.2 55.2 8.54
167 74.6 58.7 10.59
168 76.8 55.1 5.03
169 76.7 56.1 2.97
170 75.6 49.8 5.58
171 77.7 58.0 3.32
172 79.8 56.3 3.28
173 76.6 56.5 5.09
174 79.8 62.3 2.01
175 84.5 51.5 2.56
176 81.0 53.7 1.56
177 82.8 52.7 2.81
178 78.1 52.8 1.17
179 79.3 57.8 2.05
180 75.3 58.9 0.81
181 81.0 55.7 2.61
182 80.6 60.7 3.46
183 83.8 59.3 4.84
184 79.0 62.5 2.24
185 83.0 60.4 1.88
186 82.2 54.9 1.88
187 82.8 55.7 0.35
188 77.5 58.6 4.6
189 84.1 61.5 5.84
190 77.0 53.3 1.59
191 86.3 62.6 6.43
192 79.2 57.4 2.18
193 79.1 59.8 3.96
194 81.1 59.0 6.8
195 79.5 59.3 4.36
196 85.6 61.2 7.94
197 88.2 62.2 7.72
198 83.5 61.7 5.87
199 84.1 57.5 6.13
200 78.4 58.6 2.77
201 74.8 59.8 1.39
202 81.5 56.5 0.35
203 79.5 61.5 6.6
204 82.6 62.6 0.21
205 90.2 59.3 2.38
206 85.8 63.7 3.15
207 80.7 60.7 6.13
208 81.3 60.7 2.31
209 87.2 62.8 5.88
210 87.3 64.3 0.85
211 88.0 58.4 2.46
212 90.2 63.3 3.34
213 81.1 62.8 0.61
214 90.2 58.2 2.19
215 84.8 63.6 3.36
216 85.6 65.4 3.98
217 93.4 60.7 3.49
218 92.2 65.7 4.22
219 83.7 61.2 8.62
220 84.8 65.6 5.2
221 91.0 64.8 7.34
222 84.5 63.8 5.0
223 86.8 61.6 7.5
224 86.9 63.1 0.55
225 84.9 61.8 1.42
226 85.1 62.4 1.56
227 82.9 59.4 2.07
228 86.4 61.7 3.22
229 81.3 54.4 4.66
230 86.5 64.2 6.89
231 85.6 60.2 1.58
232 86.8 59.4 0.77
233 87.0 58.3 1.31
234 82.4 55.0 2.03
235 79.2 58.0 2.77
236 95.5 53.3 2.1
237 85.9 66.6 2.68
238 90.8 58.6 2.2
239 98.1 56.7 0.52
240 86.4 68.4 0.01
241 89.5 60.4 0.0
242 97.4 54.1 0.0
243 99.1 60.6 0.0
244 91.5 65.9 0.0
245 91.1 56.5 0.0
246 91.5 60.4 0.0
247 90.2 62.9 0.0
248 100.0 99.0 0.0
249 91.4 63.2 0.0
250 91.0 59.2 0.0
251 89.9 58.4 0.0
252 91.9 61.8 0.0
253 83.2 56.2 7.39
254 82.4 50.5 0.36
255 94.8 54.0 2.28
256 84.8 53.5 4.25
257 86.1 49.3 0.63
258 86.7 52.6 6.95
259 82.9 57.6 4.06
260 83.7 54.3 0.34
261 85.8 55.6 1.8
262 84.2 55.0 3.52
263 93.8 57.5 2.57
264 96.1 47.9 1.75
265 81.9 51.7 4.78
266 81.9 48.7 8.67
267 89.5 49.2 2.99
268 74.2 52.5 1.31
269 87.5 49.2 3.48
270 78.7 48.9 2.81
271 81.5 53.0 2.13
272 69.3 51.9 7.49
273 76.5 49.8 1.08
274 78.4 48.9 1.07
275 82.7 53.8 0.29
276 79.6 47.9 3.02
277 82.5 52.5 0.47
278 78.0 46.7 0.92
279 79.0 46.9 0.58
280 74.9 55.6 1.39
281 74.5 44.0 0.01
282 70.3 46.7 0.35
283 81.2 46.9 0.0
284 67.9 44.2 0.11
285 69.7 42.4 0.09
286 76.3 44.5 0.93
287 76.0 48.1 0.36
288 77.3 49.3 0.88
289 69.2 40.9 2.24
290 74.7 41.4 0.02
291 68.0 36.5 0.89
292 67.3 41.6 0.26
293 64.4 31.7 0.27
294 62.8 40.6 0.67
295 72.0 33.7 1.77
296 62.3 33.7 0.5
297 65.8 31.7 1.85
298 67.7 32.0 0.12
299 60.7 34.9 1.37
300 61.4 38.2 0.27
301 55.4 34.3 1.63
302 52.7 38.7 1.05
303 52.8 39.3 0.98
304 57.1 28.5 0.18
305 42.6 41.6 0.18
306 63.9 35.2 0.23
307 50.5 30.9 0.38
308 70.1 27.4 0.0
309 58.3 31.9 0.01
310 52.3 43.4 0.1
311 55.1 28.2 0.06
312 55.7 37.1 0.24
313 67.0 24.9 0.19
314 49.5 21.2 0.04
315 56.5 32.5 0.15
316 53.2 32.7 0.41
317 57.6 32.5 0.29
318 50.7 25.6 0.23
319 64.0 32.8 0.08
320 50.9 33.4 0.48
321 59.8 33.8 0.06
322 63.6 31.8 0.04
323 58.9 27.1 0.02
324 67.9 32.6 0.04
325 64.4 29.2 0.13
326 58.3 33.4 0.15
327 55.5 30.7 0.11
328 63.1 28.3 0.01
329 66.1 21.3 0.13
330 58.9 28.0 0.7
331 49.4 29.9 0.11
332 73.7 25.7 0.76
333 64.1 25.1 0.33
334 52.4 21.0 0.45
335 60.7 23.7 0.27
336 36.0 21.1 0.1
337 46.9 19.0 0.89
338 52.2 18.5 0.18
339 43.0 25.8 0.37
340 43.0 22.1 1.25
341 39.5 17.4 1.55
342 47.9 29.4 0.23
343 50.7 27.0 0.45
344 42.8 18.7 0.4
345 49.7 20.3 0.18
346 52.5 23.5 0.32
347 52.7 20.7 0.07
348 38.1 18.4 0.53
349 49.5 19.3 0.15
350 48.9 21.6 0.2
351 49.6 21.9 0.2
352 48.6 20.0 0.09
353 58.1 20.0 0.04
354 38.8 22.7 0.06
355 51.3 26.3 0.01
356 47.6 18.2 0.08
357 48.6 22.2 0.27
358 59.5 19.0 0.86
359 60.6 24.6 0.25
360 47.9 26.3 1.12
361 48.8 17.2 0.07
362 46.3 21.8 0.73
363 38.7 24.0 0.02
364 48.1 26.7 0.09
365 49.8 20.2 0.54
