001 6.0 -11.0 0.0
002 27.0 -10.0 0.0
003 13.0 -8.0 0.0
004 38.0 -8.0 -0.0
005 39.0 38.0 0.0
006 17.0 -6.0 0.0
007 29.0 28.0 -0.0
008 33.0 -0.0 1.0
009 26.0 -3.0 0.0
010 18.0 17.0 0.0
011 40.0 39.0 0.0
012 46.0 19.0 0.0
013 45.0 16.0 -0.0
014 28.0 2.0 -0.0
015 39.0 38.0 0.0
016 29.0 28.0 -0.0
017 44.0 -3.0 0.0
018 39.0 38.0 0.0
019 40.0 12.0 -0.0
020 38.0 16.0 -0.0
021 41.0 19.0 0.0
022 34.0 18.0 0.0
023 47.0 46.0 0.0
024 42.0 20.0 0.0
025 39.0 12.0 0.0
026 40.0 10.0 0.0
027 45.0 23.0 0.0
028 47.0 14.0 -0.0
029 43.0 16.0 0.0
030 43.0 20.0 0.0
031 54.0 17.0 0.0
032 44.0 10.0 -0.0
033 38.0 12.0 0.0
034 44.0 10.0 0.0
035 46.0 25.0 0.0
036 50.0 14.0 0.0
037 39.0 17.0 0.0
038 32.0 22.0 0.0
039 46.0 19.0 0.0
040 44.0 20.0 0.0
041 47.0 18.0 0.0
042 42.0 26.0 -0.0
043 44.0 14.0 -0.0
044 53.0 18.0 0.0
045 49.0 14.0 0.0
046 48.0 20.0 0.0
047 46.0 18.0 0.0
048 47.0 14.0 0.0
049 35.0 21.0 0.0
050 39.0 12.0 0.0
051 60.0 17.0 0.0
052 58.0 22.0 0.0
053 40.0 11.0 0.0
054 48.0 12.0 0.0
055 52.0 13.0 0.0
056 43.0 15.0 0.0
057 57.0 12.0 0.0
058 55.0 16.0 0.0
059 30.0 24.0 0.0
060 51.0 50.0 0.0
061 35.0 17.0 0.0
062 63.0 15.0 0.0
063 61.0 11.0 0.0
064 46.0 45.0 0.0
065 52.0 14.0 0.0
066 37.0 3.0 0.0
067 36.0 12.0 0.0
068 46.0 12.0 1.0
069 38.0 10.0 0.0
070 43.0 22.0 0.0
071 40.0 2.0 0.0
072 40.0 39.0 1.0
073 42.0 13.0 1.0
074 46.0 17.0 0.0
075 54.0 20.0 0.0
076 56.0 22.0 0.0
077 50.0 18.0 -0.0
078 57.0 23.0 0.0
079 64.0 19.0 0.0
080 46.0 18.0 -0.0
081 58.0 15.0 0.0
082 52.0 18.0 0.0
083 40.0 20.0 1.0
084 39.0 18.0 -0.0
085 50.0 23.0 0.0
086 58.0 28.0 -0.0
087 56.0 19.0 0.0
088 56.0 27.0 -0.0
089 58.0 24.0 0.0
090 50.0 31.0 0.0
091 52.0 26.0 0.0
092 56.0 28.0 0.0
093 51.0 27.0 1.0
094 63.0 26.0 -0.0
095 58.0 28.0 -0.0
096 62.0 25.0 -0.0
097 57.0 26.0 0.0
098 49.0 36.0 0.0
099 55.0 29.0 0.0
100 54.0 30.0 0.0
101 55.0 31.0 0.0
102 63.0 30.0 0.0
103 64.0 25.0 0.0
104 63.0 29.0 -0.0
105 64.0 28.0 -0.0
106 61.0 27.0 0.0
107 49.0 32.0 0.0
108 58.0 28.0 0.0
109 39.0 30.0 0.0
110 63.0 29.0 0.0
111 57.0 32.0 0.0
112 61.0 28.0 0.0
113 61.0 32.0 1.0
114 57.0 33.0 1.0
115 75.0 34.0 -0.0
116 55.0 26.0 -0.0
117 67.0 37.0 -1.0
118 71.0 30.0 -0.0
119 59.0 43.0 1.0
120 65.0 25.0 5.0
121 68.0 44.0 0.0
122 66.0 40.0 7.0
123 57.0 38.0 4.0
124 74.0 38.0 1.0
125 55.0 37.0 -1.0
126 63.0 38.0 5.0
127 69.0 42.0 6.0
128 62.0 42.0 6.0
129 77.0 42.0 5.0
130 60.0 41.0 2.0
131 65.0 36.0 -3.0
132 65.0 40.0 -3.0
133 59.0 37.0 5.0
134 70.0 41.0 -5.0
135 72.0 44.0 4.0
136 76.0 41.0 21.0
137 69.0 45.0 6.0
138 68.0 45.0 16.0
139 68.0 49.0 3.0
140 67.0 48.0 5.0
141 63.0 44.0 -2.0
142 70.0 39.0 -2.0
143 70.0 55.0 7.0
144 65.0 52.0 -0.0
145 80.0 42.0 -1.0
146 73.0 45.0 4.0
147 77.0 46.0 2.0
148 77.0 46.0 -1.0
149 70.0 48.0 2.0
150 81.0 46.0 -1.0
151 73.0 41.0 0.0
152 70.0 49.0 -2.0
153 75.0 48.0 1.0
154 72.0 45.0 3.0
155 63.0 43.0 1.0
156 69.0 43.0 3.0
157 74.0 44.0 -0.0
158 73.0 44.0 -2.0
159 73.0 54.0 -1.0
160 70.0 49.0 2.0
161 74.0 46.0 2.0
162 79.0 54.0 3.0
163 74.0 55.0 3.0
164 76.0 57.0 -0.0
165 89.0 57.0 -0.0
166 87.0 51.0 1.0
167 68.0 52.0 -1.0
168 83.0 55.0 -1.0
169 88.0 57.0 1.0
170 84.0 68.0 3.0
171 86.0 58.0 1.0
172 84.0 61.0 1.0
173 85.0 64.0 1.0
174 94.0 64.0 2.0
175 83.0 67.0 1.0
176 86.0 63.0 0.0
177 89.0 63.0 1.0
178 87.0 56.0 -0.0
179 95.0 62.0 0.0
180 89.0 63.0 0.0
181 94.0 49.0 0.0
182 93.0 57.0 0.0
183 100.0 99.0 -1.0
184 94.0 60.0 -1.0
185 93.0 58.0 -1.0
186 88.0 66.0 6.0
187 89.0 62.0 4.0
188 100.0 99.0 2.0
189 91.0 60.0 7.0
190 91.0 62.0 7.0
191 96.0 63.0 -0.0
192 91.0 65.0 3.0
193 87.0 69.0 -4.0
194 91.0 59.0 3.0
195 88.0 63.0 9.0
196 94.0 65.0 1.0
197 97.0 71.0 -4.0
198 90.0 67.0 -2.0
199 88.0 66.0 6.0
200 90.0 68.0 -1.0
201 91.0 68.0 12.0
202 91.0 62.0 6.0
203 94.0 66.0 7.0
204 96.0 62.0 6.0
205 89.0 64.0 -3.0
206 93.0 63.0 3.0
207 90.0 67.0 1.0
208 90.0 59.0 -5.0
209 87.0 62.0 -1.0
210 94.0 64.0 5.0
211 91.0 66.0 -5.0
212 88.0 60.0 6.0
213 87.0 61.0 7.0
214 94.0 63.0 3.0
215 91.0 62.0 -2.0
216 85.0 63.0 10.0
217 91.0 66.0 6.0
218 85.0 63.0 -3.0
219 92.0 65.0 7.0
220 86.0 62.0 -1.0
221 93.0 60.0 5.0
222 90.0 64.0 4.0
223 90.0 63.0 4.0
224 91.0 67.0 3.0
225 81.0 65.0 0.0
226 86.0 60.0 3.0
227 89.0 64.0 -4.0
228 91.0 56.0 -1.0
229 90.0 65.0 -2.0
230 86.0 63.0 -1.0
231 84.0 66.0 1.0
232 93.0 62.0 2.0
233 84.0 57.0 -0.0
234 86.0 56.0 1.0
235 94.0 61.0 0.0
236 91.0 56.0 2.0
237 89.0 56.0 -1.0
238 93.0 56.0 -0.0
239 91.0 62.0 -0.0
240 88.0 60.0 2.0
241 90.0 59.0 2.0
242 90.0 57.0 3.0
243 97.0 59.0 1.0
244 92.0 56.0 -1.0
245 89.0 58.0 2.0
246 87.0 55.0 -1.0
247 83.0 57.0 -0.0
248 93.0 55.0 -0.0
249 93.0 55.0 0.0
250 90.0 52.0 0.0
251 92.0 57.0 0.0
252 87.0 59.0 0.0
253 94.0 60.0 -0.0
254 70.0 54.0 1.0
255 89.0 48.0 2.0
256 88.0 54.0 0.0
257 91.0 59.0 1.0
258 93.0 51.0 0.0
259 89.0 55.0 5.0
260 78.0 47.0 0.0
261 84.0 49.0 1.0
262 88.0 56.0 -0.0
263 86.0 55.0 -0.0
264 85.0 48.0 1.0
265 86.0 53.0 3.0
266 81.0 51.0 0.0
267 76.0 53.0 5.0
268 86.0 51.0 1.0
269 80.0 48.0 -1.0
270 77.0 51.0 2.0
271 81.0 45.0 1.0
272 91.0 53.0 3.0
273 85.0 45.0 1.0
274 84.0 50.0 0.0
275 82.0 55.0 1.0
276 73.0 53.0 2.0
277 68.0 52.0 3.0
278 73.0 45.0 3.0
279 80.0 49.0 0.0
280 73.0 51.0 0.0
281 78.0 47.0 2.0
282 67.0 45.0 1.0
283 74.0 48.0 1.0
284 74.0 36.0 0.0
285 71.0 49.0 2.0
286 75.0 38.0 1.0
287 68.0 47.0 -1.0
288 67.0 33.0 -0.0
289 68.0 47.0 -0.0
290 77.0 33.0 1.0
291 69.0 34.0 0.0
292 67.0 29.0 1.0
293 73.0 40.0 1.0
294 64.0 30.0 -1.0
295 56.0 34.0 2.0
296 66.0 33.0 1.0
297 66.0 37.0 1.0
298 71.0 38.0 -0.0
299 66.0 37.0 -0.0
300 74.0 28.0 0.0
301 76.0 31.0 0.0
302 76.0 34.0 0.0
303 68.0 31.0 -0.0
304 68.0 35.0 -0.0
305 55.0 27.0 -0.0
306 67.0 31.0 0.0
307 66.0 29.0 -0.0
308 64.0 36.0 0.0
309 60.0 22.0 -0.0
310 61.0 32.0 0.0
311 64.0 30.0 -1.0
312 59.0 40.0 -0.0
313 58.0 26.0 0.0
314 60.0 25.0 1.0
315 56.0 37.0 0.0
316 55.0 29.0 0.0
317 50.0 20.0 0.0
318 56.0 31.0 -0.0
319 47.0 19.0 0.0
320 44.0 23.0 0.0
321 57.0 19.0 -0.0
322 54.0 31.0 1.0
323 42.0 34.0 1.0
324 56.0 20.0 1.0
325 38.0 21.0 0.0
326 34.0 33.0 -0.0
327 44.0 23.0 -1.0
328 34.0 12.0 0.0
329 50.0 18.0 0.0
330 38.0 24.0 0.0
331 45.0 11.0 0.0
332 42.0 12.0 0.0
333 44.0 20.0 0.0
334 41.0 14.0 0.0
335 49.0 13.0 -0.0
336 42.0 13.0 0.0
337 41.0 15.0 0.0
338 37.0 15.0 -0.0
339 46.0 16.0 -0.0
340 51.0 15.0 -0.0
341 55.0 17.0 0.0
342 47.0 15.0 0.0
343 49.0 19.0 0.0
344 44.0 18.0 0.0
345 45.0 15.0 -0.0
346 52.0 24.0 0.0
347 39.0 14.0 1.0
348 56.0 14.0 0.0
349 50.0 22.0 0.0
350 46.0 18.0 -0.0
351 38.0 17.0 0.0
352 43.0 17.0 0.0
353 30.0 19.0 0.0
354 42.0 11.0 -1.0
355 25.0 17.0 -1.0
356 36.0 26.0 -0.0
357 33.0 32.0 2.0
358 37.0 22.0 1.0
359 21.0 21.0 2.0
360 32.0 31.0 -0.0
361 39.0 38.0 1.0
362 36.0 35.0 -0.0
363 31.0 18.0 1.0
364 22.0 21.0 0.0
365 18.0 17.0 0.0
