2007001   7.5 -15.4  -2.1   0.0   1.2 67.2
2007002   9.2 -12.4   0.8   0.0   1.4 78.9
2007003   8.4 -11.4   4.1   0.0   1.3 73.5
2007004   8.3   2.2   6.3   0.0   1.5 78.5
2007005   6.5  -8.1   3.4   0.0   1.5 80.4
2007006   8.7 -15.2  -2.1   0.0   2.2 72.3
2007007   9.3  -4.6  -0.4   0.0   2.2 70.3
2007008   9.1  -5.3   3.6   0.0   2.1 70.5
2007009   9.1  -3.5  -1.9   0.0   2.2 60.1
2007010   9.2 -11.1   6.5   0.0   1.8 75.0
2007011   8.5 -16.3   1.1   0.0   5.5 76.8
2007012   6.7 -16.3 -16.1   0.0   4.3 70.2
2007013   5.1 -16.3 -14.9   0.0   1.8 80.8
2007014   4.2 -17.8 -11.1   0.0   2.3 87.4
2007015   9.8 -19.8 -11.8   0.0   1.4 79.7
2007016  10.0 -18.3  -3.1   0.0   1.1 76.0
2007017  10.1 -20.2  -6.9   0.0   2.3 77.5
2007018  10.1 -15.5  -0.3   0.0   1.8 74.1
2007019  10.1 -13.1   0.6   0.0   1.4 73.2
2007020   4.0 -18.6  -5.3   0.0   1.4 86.6
2007021   6.0  -8.7  -3.2   0.0   1.7 98.1
2007022  10.8 -20.8  -6.9   0.0   1.5 88.4
2007023   9.5 -11.3   2.7   0.0   1.7 73.9
2007024  10.6  -2.7   3.3   0.0   1.7 81.7
2007025  10.7  -8.2   5.4   0.0   1.4 82.0
2007026  11.2 -11.0   6.9   0.0   1.9 70.3
2007027  11.2 -12.5  -6.3   0.0   2.4 76.0
2007028  11.0 -18.3   0.1   0.0   1.5 75.7
2007029  12.3  -9.5  -1.8   0.0   2.3 65.8
2007030  12.1 -20.7  -4.9   0.0   1.8 74.4
2018031   8.1  -1.2   4.9   0.0   2.1 76.9
2018032   5.5  -6.3  -3.1   0.0   2.3 81.6
2018033  11.3  -7.5   5.8   0.0   2.5 78.7
2018034  10.2  -9.6  10.7   0.0   2.5 72.1
2018035   9.9 -19.4  -9.6   0.0   3.2 72.2
2018036   7.9 -10.4  -3.9   0.0   3.2 76.8
2018037  10.1 -12.3  -5.6   0.0   2.3 81.1
2018038  10.1 -10.5  -1.5   0.8   2.0 76.6
2018039  10.4  -4.9   3.2   0.3   1.3 82.0
2018040   4.8 -12.3  -2.6   0.0   4.2 83.7
2018041   7.6 -17.8 -13.3   0.3   0.6 78.4
2018042  12.4 -19.4  -3.8   0.5   1.0 72.8
2018043   8.4 -14.0  -6.8   0.3   2.1 80.9
2018044  14.0 -13.2   2.3   0.0   2.3 78.5
2018045  11.2  -2.1   7.5   0.0   1.5 71.5
2018046   8.6  -9.0   4.3   0.0   3.1 75.3
2018047  14.6 -15.3   1.2   0.0   3.6 71.6
2018048  14.9  -9.2  11.4   0.0   3.1 57.3
2018049  14.6  -8.8   9.0   0.0   6.5 65.7
2018050   3.5 -15.5  -4.9   0.0   5.5 86.0
2018051  15.8 -16.9 -15.1   0.0   2.7 71.7
2018052  15.7 -21.0  -7.1   1.0   1.6 69.4
2018053   6.4 -11.7  -6.3   0.3   1.1 84.3
2018054  16.0 -17.7   0.1   0.3   1.0 82.1
2018055  11.0  -7.3  -2.7   2.3   2.3 73.6
2018056  16.6  -4.9   1.1   0.0   2.0 55.8
2018057  16.6  -6.4  11.2   0.0   1.4 59.4
2018058  16.5 -10.0   9.4   0.0   0.8 70.3
2014059   9.7  -6.3  -3.4   0.0   3.6 83.7
2014060   4.8 -20.6 -10.7   0.0   4.9 74.7
2014061  10.9 -19.8 -12.7   0.0   2.1 66.1
2014062  13.5 -16.7   6.8   0.0   2.9 77.2
2014063  12.9 -10.6  15.0   0.0   2.1 77.5
2014064  14.8   0.4   7.3   0.0   2.6 76.8
2014065  14.3  -0.6  18.4   0.0   4.1 59.6
2014066   8.0  -0.0   3.9   0.0   4.2 83.2
2014067  16.5  -8.9  15.4   0.0   1.5 66.6
2014068  17.4   4.4  16.8   0.0   2.5 45.1
2014069  15.6   0.7  17.8   0.0   1.9 51.9
2014070   3.2  -5.1   9.0   0.0   4.9 62.7
2014071  18.8  -3.9  15.1   0.0   1.6 53.8
2014072  19.3  -0.1  21.6   0.0   1.6 48.7
2014073  19.8  -5.4  21.7   0.0   2.1 50.7
2014074  18.4  -4.7  14.3   0.0   4.3 54.9
2014075  17.2  -1.1  12.8   0.0   3.1 61.9
2014076  14.3   1.0  17.2   0.0   2.8 45.0
2014077   3.7  -2.7  12.9   0.0   3.9 73.5
2014078  20.2  -5.8  10.6   0.0   1.7 61.3
2014079  20.8  -6.2  20.4   0.0   1.9 49.2
2014080  20.5   0.1  10.5   0.0   3.8 52.3
2014081   8.5 -10.5  -0.9   0.0   3.5 83.8
2014082  17.1 -16.8  -3.6   0.0   2.6 87.7
2014083  17.4  -6.0   2.3   0.0   2.1 67.7
2014084  21.2 -10.0   8.5   0.0   3.4 52.4
2014085  20.6  -4.5  17.6   0.0   5.1 51.6
2014086  12.1  -0.8   5.0   0.0   3.1 76.7
2014087  18.7  -5.5  11.5   0.0   2.6 60.8
2014088  21.0  -9.6  22.6   0.0   3.2 54.4
2014089  14.2  -1.1  22.0   0.0   3.2 47.4
2011090  16.6   4.0  17.0   6.3   2.1 64.9
2011091  20.3   5.9  14.2   2.5   1.7 65.6
2011092  21.1   2.0  25.2   0.0   2.5 60.2
2011093  15.3   0.2  14.7   0.8   3.4 62.6
2011094  22.5  -1.0  12.5   0.0   3.0 51.1
2011095  22.4  -1.9  26.3   0.0   2.8 41.8
2011096  20.9   3.5  15.7   0.0   2.7 57.9
2011097  10.3   2.9  16.3   0.0   4.3 70.3
2011098   9.7   7.3  15.5   0.0   3.2 81.4
2011099  19.2  11.9  26.1   0.0   3.7 55.8
2011100  12.3   4.5  10.5   1.3   2.1 81.5
2011101  23.7   4.1  17.8   0.3   2.1 60.0
2011102  21.4   1.6  23.6   0.0   3.6 49.2
2011103  23.3   2.8  18.4   0.0   6.7 60.4
2011104   2.7   1.4   2.4  20.1   4.7 94.4
2011105  15.5  -0.8   7.5   7.6   4.4 79.1
2011106  25.4  -1.1  13.7   0.0   1.6 57.2
2011107  13.8  -1.6  15.8   1.0   2.2 71.4
2011108   7.4  -0.8   5.4   3.0   3.5 91.7
2011109  12.3   1.1   7.7   4.3   2.5 84.5
2011110  22.0   1.8  12.9   0.0   2.3 62.2
2011111  12.7   2.8  16.0   7.1   4.3 77.6
2011112  25.9   3.8  16.7   9.7   3.1 60.4
2011113  12.8  -1.9  12.3   0.0   1.9 73.5
2011114  11.6   1.1  11.8   0.5   2.1 83.0
2011115   8.2   0.6  11.5   0.0   1.8 79.2
2011116  16.4  -0.4  15.1   0.0   2.0 76.6
2011117  16.9   6.3  16.1   0.0   2.2 67.6
2011118  27.3   1.4  21.8   0.0   2.4 59.4
2011119  24.8   6.5  28.7   0.0   4.4 44.9
2023120  26.8  -2.4  15.6   0.0   3.8 35.4
2023121  27.2  -4.8  18.7   0.0   1.8 45.0
2023122  27.4  -3.2  17.6   0.0   1.5 43.4
2023123  24.9   4.3  24.1   0.0   3.3 34.7
2023124  24.3   9.0  23.9  16.8   3.3 62.0
2023125  26.0  13.4  23.7  14.5   2.3 67.8
2023126  24.5   9.4  25.4   0.3   1.4 64.9
2023127  19.0  10.2  23.5   0.3   2.3 68.0
2023128  27.1   7.2  23.8   0.0   1.9 59.8
2023129  22.4  14.1  17.0   2.8   2.4 71.1
2023130  14.9  14.3  17.1  22.4   3.4 80.3
2023131  16.9  12.7  23.5  21.1   2.7 75.7
2023132  12.4  12.2  21.9  24.6   2.8 87.4
2023133  18.5  14.6  17.1   1.0   4.1 76.4
2023134   4.5   7.9  11.7   0.3   4.0 87.3
2023135   5.8   9.6  12.6   0.3   3.0 90.6
2023136  25.3   7.4  24.2   0.0   1.2 68.6
2023137  23.6   7.0  25.2   4.3   2.3 67.9
2023138  16.2  16.2  20.7   0.0   1.8 71.7
2023139  26.8   1.0  21.5   0.0   3.8 63.1
2023140  26.9   4.2  24.1   0.0   2.5 68.5
2023141  23.4   7.2  24.1   0.0   2.8 64.5
2023142  22.6  14.7  26.4   0.0   3.1 68.8
2023143  22.1  12.7  27.3   0.0   3.1 73.5
2023144  23.3  16.5  25.3   0.0   3.3 70.0
2023145  21.3  11.4  22.5   3.8   3.4 73.8
2023146   6.4  15.6  21.8  22.1   4.1 81.8
2023147  24.1  12.4  22.9   1.5   4.8 75.5
2023148  20.2  12.9  24.3  31.5   3.0 82.3
2023149  23.7  14.7  26.9   3.3   3.2 75.1
2023150  27.0  15.1  26.4   0.0   2.5 75.5
2005151  14.2   9.9  18.5  19.0   1.5 73.6
2005152  26.2  11.2  24.9   0.0   3.8 69.0
2005153  11.6   8.4  17.7  37.0   2.9 88.5
2005154  15.3   8.7  23.0  22.0   1.8 81.7
2005155  20.9  10.3  26.3   7.0   1.9 75.0
2005156  25.7  10.0  28.6   0.0   1.7 66.2
2005157  26.9  16.8  28.0   0.0   4.8 68.2
2005158  27.8  13.5  26.8   0.0   3.3 62.7
2005159  29.2  11.7  28.6   0.0   1.5 55.8
2005160   8.6  13.4  26.3   0.8   2.6 77.7
2005161  10.3  17.3  19.5  20.8   2.5 87.2
2005162  22.9  12.0  19.4   0.0   1.6 73.8
2005163  13.0  12.8  17.9   7.4   3.1 86.8
2005164  13.5   9.4  16.6   3.0   2.3 84.4
2005165  28.1   9.7  22.7   0.0   1.5 63.1
2005166  27.2  11.9  29.1   0.0   2.9 68.9
2005167  22.6  16.1  22.5   9.1   2.7 76.1
2005168  23.2  16.1  27.4   0.0   3.9 76.0
2005169  18.6  19.6  27.7   0.0   4.0 80.6
2005170  19.2  18.3  30.0   0.0   3.5 73.4
2005171  26.1  18.3  32.5   2.5   3.1 73.2
2005172  25.4  19.0  28.9   0.3   3.7 66.5
2005173  27.0  18.8  32.9   0.0   2.9 70.7
2005174  27.6  19.2  34.1   0.0   2.7 55.0
2005175  23.0  21.4  30.3   0.0   3.7 65.0
2005176  25.6  18.0  32.6  14.7   2.8 68.3
2005177  25.7  20.5  34.8   0.8   2.9 65.6
2005178  26.5  14.6  29.2   0.3   1.9 73.1
2005179  26.8  14.5  30.8   0.0   2.1 73.5
2005180  27.4  16.0  26.6   0.3   1.9 63.4
2021181  15.3  13.9  27.9   0.0   1.2 75.6
2021182  25.9  14.0  24.6   0.0   1.6 67.3
2021183  25.5  16.5  27.4   0.0   2.5 62.2
2021184  27.4  17.5  30.0   0.0   3.8 62.1
2021185  28.3  16.3  35.5   0.0   3.0 59.3
2021186  27.9  18.7  37.0   0.0   2.5 64.8
2021187  19.1  18.4  26.9   6.9   2.6 78.4
2021188  25.9  16.8  28.5   0.0   2.1 72.3
2021189  27.4  15.9  38.1   0.0   6.1 55.6
2021190  24.8  17.3  33.6   4.8   2.4 61.4
2021191  24.7  13.3  26.2  12.9   4.4 69.0
2021192  28.3  11.3  26.8   0.0   1.5 67.8
2021193  27.0  11.7  33.3   0.0   2.1 61.4
2021194  16.0  13.4  28.1   8.1   2.0 67.4
2021195  14.5  18.5  30.9   0.0   3.9 69.0
2021196  22.7  14.8  28.1   0.0   1.2 75.3
2021197  19.5  18.7  33.3   8.4   3.1 71.7
2021198  25.8  19.7  32.5  19.3   1.6 71.9
2021199  25.1  21.2  25.8   0.0   2.6 73.6
2021200  25.7  17.0  29.0   0.0   2.3 75.6
2021201  24.7  14.5  28.7   0.0   2.9 73.2
2021202  24.7  17.2  32.1   0.0   5.2 60.1
2021203  26.2  19.2  35.1   0.0   4.5 52.8
2021204  25.9  23.2  33.9   0.0   3.4 49.6
2021205  23.1  17.2  32.6   0.0   1.8 62.2
2021206  21.8  18.2  32.0   0.0   2.1 72.5
2021207  26.0  19.6  31.2   0.0   3.4 67.6
2021208  24.9  16.5  33.7   0.0   2.9 61.5
2021209  25.2  20.9  36.8   0.0   4.1 51.6
2021210  23.4  21.2  29.9   0.0   2.6 63.5
2021211  21.6  23.3  34.3   0.0   1.9 70.2
2014212  24.3  15.1  34.9   0.0   1.2 62.6
2014213  25.8  13.5  32.5   0.0   1.6 62.0
2014214  22.4  15.5  32.2   1.8   2.8 57.7
2014215  25.9  15.9  32.8   0.0   1.7 62.7
2014216  24.8  12.7  30.9   0.0   2.1 65.0
2014217  19.3  17.0  32.8   0.0   1.9 67.9
2014218  21.5  16.4  28.0   0.0   2.1 77.5
2014219  20.6  20.8  29.1   0.0   1.4 71.8
2014220  24.2  16.6  29.4  11.2   1.8 68.5
2014221  23.9  16.3  30.1  25.1   2.9 75.2
2014222  21.7  15.1  23.7  17.8   2.4 77.8
2014223  24.7  12.2  23.9   0.0   1.2 72.1
2014224  25.4  13.0  29.0   0.0   1.8 72.6
2014225  24.1  15.4  33.3   0.0   3.2 62.3
2014226  22.7  15.7  32.9   0.0   3.5 70.5
2014227  19.0  17.1  30.4   0.0   1.6 75.6
2014228  24.1  17.0  32.0   0.0   1.1 69.7
2014229  23.9  19.0  31.7   0.0   2.6 69.5
2014230  23.7  11.5  27.9   0.0   1.8 70.3
2014231  23.9  11.3  34.8   0.0   1.9 67.2
2014232  19.2  20.8  32.7   0.0   2.2 65.1
2014233  22.7  18.0  33.8   0.0   1.4 67.4
2014234  16.9  15.5  28.2   6.9   1.6 75.4
2014235  17.5  17.2  29.5   2.3   1.9 77.1
2014236  22.9  17.9  27.1   0.3   1.4 65.7
2014237  20.8  14.2  24.2   1.0   2.0 72.2
2014238  16.4  13.9  26.2   0.0   2.2 78.1
2014239   7.4  17.9  26.5  35.6   2.4 89.0
2014240  17.5  18.7  30.8   6.6   1.2 76.3
2014241  21.8  13.0  30.7   0.0   1.5 67.7
2014242  22.6  14.9  29.4   0.0   2.6 71.6
2014243  14.9  13.9  18.4   0.0   1.6 75.2
2014244  15.8   9.6  27.1   0.0   1.4 68.5
2014245  22.0   6.3  24.7   0.0   2.8 71.4
2014246  16.9  20.7  31.1   0.0   3.8 78.2
2014247  20.2  16.5  25.7   0.0   3.9 60.0
2014248  12.8   8.2  17.7   6.9   1.5 75.1
2014249  20.7   9.3  24.2   0.0   1.9 73.7
2014250  21.4  16.3  24.3   0.0   4.6 64.8
2014251  21.2  16.3  30.5   0.0   1.9 59.9
2014252   8.2  16.3  23.7   2.5   2.0 82.3
2014253   9.4   9.9  16.1   0.0   3.1 85.2
2014254   2.7   5.2   9.9   6.1   3.9 93.7
2014255   9.3   3.3   6.4   3.3   1.9 76.9
2014256  19.3   3.1  13.2   0.0   3.3 74.0
2014257  18.0   2.9  21.7   0.0   2.4 79.8
2014258  19.8   9.0  20.5   0.0   2.8 69.8
2014259  13.5  11.0  28.3   0.0   3.3 78.2
2014260  18.8  10.2  32.0   0.0   1.4 67.6
2014261   8.4  12.9  17.5   0.0   2.1 90.8
2014262  19.5  15.6  28.9   0.0   1.9 62.9
2014263  19.3  14.9  30.1   0.0   2.0 61.9
2014264  19.4   3.7  24.2   0.0   1.2 63.7
2014265  10.0  10.9  17.6   4.3   3.0 69.2
2014266  15.8  13.5  30.0   0.0   2.5 65.6
2014267  18.1   5.9  28.4   0.0   1.4 63.9
2014268  18.4  11.5  32.9   0.0   2.3 64.4
2014269  18.4  13.7  33.8   0.0   3.8 60.0
2014270  17.9  16.6  24.4   0.0   4.2 58.7
2014271  17.1  14.4  30.5   0.0   3.9 61.6
2014272  14.5  13.8  27.0   8.1   5.2 63.8
2007273   7.2   5.8  18.7   1.3   3.1 73.8
2007274  14.4   8.0  24.9   0.0   4.0 65.1
2007275  15.1   3.2  20.1   0.0   2.3 54.0
2007276  17.4   3.6  29.9   0.0   3.6 50.7
2007277  16.9   8.4  23.6   0.0   2.0 71.7
2007278  15.7  11.0  29.6   0.0   2.6 63.5
2007279  16.5  26.3  28.0   0.0   6.9 47.2
2007280  12.9   3.4  15.8   1.0   3.1 75.7
2007281  17.1   0.3  25.8   0.0   1.3 62.5
2007282  17.0  -0.9  25.6   0.0   1.4 58.8
2007283  16.6   5.8  17.9   0.0   1.9 71.2
2007284  15.5  -1.6  25.9   0.0   2.3 70.7
2007285   4.4   7.0  16.7   0.0   1.8 78.8
2007286   1.0   7.0  10.3   1.8   2.5 97.9
2007287   1.2   8.1  10.5  11.2   3.3 94.1
2007288   2.4   8.1   8.4   2.0   2.5 91.3
2007289  14.9  -2.7  20.3   0.0   1.6 73.0
2007290   9.0   4.2  15.6   0.3   1.4 79.0
2007291   3.9   6.3  12.7   0.0   2.7 68.8
2007292  14.8  -2.9  23.8   0.0   1.3 54.9
2007293  14.3   4.0  27.5   0.0   2.8 55.7
2007294   4.9   2.1  12.2   1.0   4.0 68.9
2007295  13.5  -1.5   8.8   0.0   1.1 58.5
2007296  12.9   0.7  26.0   0.0   1.9 62.0
2007297  13.1  -2.3  20.8   0.0   2.1 65.1
2007298  13.0   7.5  25.4   0.0   2.8 52.1
2007299  12.4  -0.5  13.3   0.0   3.0 65.6
2007300  12.4   0.8   9.5   0.0   1.5 53.6
2007301  12.3  -0.9  18.5   0.0   3.3 60.0
2007302  12.8   1.8  21.2   0.0   2.3 56.2
2007303  10.8   7.2  21.3   0.0   2.2 53.8
2017304   3.4  -6.9   0.9   0.3   3.8 84.4
2017305  10.6  -3.9  15.1   0.0   1.8 60.7
2017306   8.0   1.4   5.9   0.0   3.3 68.5
2017307   3.5  -1.8   3.8   0.0   2.4 85.0
2017308   8.0   6.3  14.4   0.0   3.2 77.3
2017309   6.6  -0.1   3.0   0.0   2.5 64.0
2017310   6.4  -2.6   4.9   0.0   2.1 63.8
2017311   3.0  -4.3   1.1   0.0   1.8 84.0
2017312  11.4  -9.1  10.1   0.0   3.2 66.9
2017313   9.3  -5.6  -0.6   0.0   1.8 78.4
2017314   3.3  -6.0   3.9   0.0   3.7 79.0
2017315   4.3  -1.3   9.2   0.0   0.6 81.4
2017316  10.9  -6.2  11.1   0.0   2.0 73.4
2017317   7.6  -2.7  15.6   0.0   3.8 76.8
2017318   7.5   5.0  17.2   0.0   2.2 69.5
2017319  10.7  -0.5  10.6   0.0   2.3 60.3
2017320  10.1   1.4  12.9   0.0   4.5 53.6
2017321   7.8  -3.4  10.2   0.0   2.6 66.7
2017322  10.4  -3.1   8.4   1.8   3.7 61.8
2017323  10.0  -9.5  18.0   0.0   2.2 48.6
2017324   7.0  -2.9  17.0   0.0   2.0 39.5
2017325   9.7  -8.0   2.3   0.0   3.3 57.5
2017326   9.2  -0.4  23.9   0.0   2.7 57.8
2017327   8.8   4.4  20.8   0.0   2.0 63.1
2017328   8.3   0.5  20.8   0.0   3.5 56.1
2017329   9.4  -5.8  15.3   0.0   1.6 63.8
2017330   8.7  -2.1  22.8   0.0   2.1 58.0
2017331   9.3  -2.1  18.9   0.0   2.1 47.7
2017332   9.2  -9.4  11.0   0.0   3.9 45.3
2017333   5.7  -5.4  11.5   0.0   3.7 50.7
2012334   9.2  -9.2  18.3   0.0   1.0 52.8
2012335   7.2  -5.5  12.9   0.0   2.1 61.4
2012336   7.3  -5.2  17.8   0.0   1.1 52.9
2012337   6.4  -6.7  19.9   0.0   3.2 55.8
2012338   8.9  -2.0  14.2   0.0   2.3 56.3
2012339   9.5  -7.3   8.9   0.0   1.6 44.5
2012340   6.3  -1.4  20.9   0.0   2.6 47.7
2012341   4.0  -3.3  11.8   0.0   2.4 59.5
2012342   6.6 -11.6   7.0   0.0   1.6 69.1
2012343   4.1 -14.5   9.6   0.0   2.8 65.8
2012344   8.6 -18.4   4.1   0.0   2.9 64.8
2012345   9.2 -15.1   5.0   0.0   1.4 56.7
2012346   9.5 -11.4   1.7   0.0   2.3 60.5
2012347   8.8 -12.0  11.8   0.0   2.4 49.0
2012348   5.9  -1.1   9.1   0.0   0.9 58.2
2012349   4.1 -10.3   6.9   0.0   1.1 74.4
2012350   7.7  -3.2   9.8   0.0   1.4 74.0
2012351   7.8  -5.3  11.2   0.0   1.5 75.6
2012352   8.2 -10.2   8.2   0.0   1.9 59.8
2012353   8.7  -0.7  13.1   0.0   1.9 42.4
2012354   1.0  -0.7  -0.7   0.0   5.4 82.7
2012355   9.5 -15.6  -1.0   0.0   4.1 74.0
2012356   8.5  -8.3   4.0   0.0   2.0 75.6
2012357   8.9 -14.1   2.0   0.0   0.8 74.3
2012358   6.2 -14.9   6.5   0.0   0.9 84.2
2012359   5.6  -9.3  -3.1   0.0   2.5 85.0
2012360   7.1 -20.4 -12.2   0.0   2.8 85.5
2012361   7.1 -15.0 -10.3   0.0   1.8 79.1
2012362   5.5 -16.4  -5.4   0.0   1.4 83.4
2012363   9.0 -16.6  -3.0   0.0   1.2 77.7
2012364   9.5  -9.0  -2.3   0.0   1.3 77.5
