001 5.7 -10.7 32.0
002 9.5 -10.3 32.4
003 27.9 1.4 32.2
004 34.5 -2.6 32.0
005 15.3 -0.4 32.0
006 15.4 -0.4 32.2
007 18.0 1.8 32.0
008 16.5 15.5 32.7
009 40.8 2.7 32.9
010 8.2 4.5 32.4
011 33.1 32.1 32.0
012 32.7 31.7 32.5
013 39.7 38.7 31.8
014 28.6 19.8 32.9
015 47.3 46.3 32.7
016 43.2 11.8 32.2
017 46.6 45.6 31.6
018 34.7 12.9 32.5
019 49.6 12.6 31.6
020 31.8 30.8 32.0
021 57.0 56.0 32.4
022 41.0 40.0 31.8
023 46.6 13.6 32.0
024 31.1 14.0 31.8
025 35.4 27.3 32.7
026 39.4 18.7 32.5
027 43.0 19.2 33.3
028 47.5 14.7 32.4
029 44.6 14.9 32.5
030 40.3 4.5 32.4
031 33.6 20.5 32.9
032 56.7 12.9 32.7
033 42.8 13.6 32.2
034 57.7 14.4 32.2
035 43.9 16.7 32.0
036 40.6 12.2 31.8
037 43.2 17.2 32.4
038 39.0 38.0 32.7
039 49.3 16.0 32.2
040 39.6 18.0 31.8
041 36.3 25.2 32.4
042 37.4 16.7 32.0
043 43.0 16.7 32.0
044 39.6 38.6 32.0
045 43.2 18.0 32.4
046 48.2 18.1 32.0
047 45.7 18.0 32.0
048 49.8 21.4 32.0
049 46.0 13.1 32.0
050 51.4 13.5 32.0
051 39.2 18.0 32.0
052 42.8 14.7 32.0
053 45.7 11.7 32.0
054 46.2 22.5 32.0
055 45.1 18.3 32.0
056 52.9 51.9 32.0
057 41.7 11.8 32.0
058 41.0 40.0 32.0
059 46.6 45.6 32.0
060 49.8 13.3 32.0
061 42.4 41.4 32.0
062 35.4 19.2 32.0
063 39.7 17.1 32.0
064 57.0 16.0 32.0
065 60.1 2.7 32.0
066 34.9 33.9 32.0
067 38.8 37.8 31.8
068 35.6 12.0 31.6
069 27.3 18.7 32.5
070 33.1 16.3 33.1
071 49.5 19.0 32.9
072 33.3 32.3 34.0
073 34.9 3.2 33.3
074 36.7 35.7 32.0
075 26.6 15.1 32.4
076 40.3 18.9 32.4
077 48.2 20.5 33.1
078 43.9 20.3 33.4
079 51.8 21.6 31.5
080 47.5 18.9 32.2
081 41.0 22.1 32.7
082 33.6 21.0 33.3
083 47.8 28.2 32.4
084 50.2 28.8 31.6
085 41.7 23.7 32.0
086 44.8 13.1 32.5
087 54.1 29.3 32.0
088 52.5 21.4 32.0
089 59.0 28.4 32.2
090 54.0 23.4 32.5
091 68.0 21.2 32.2
092 61.3 31.1 32.7
093 54.3 29.3 32.5
094 58.8 25.9 31.6
095 56.3 31.1 31.8
096 51.1 27.7 32.2
097 59.2 36.3 32.4
098 56.8 25.3 32.0
099 51.6 32.0 32.0
100 61.0 31.6 32.0
101 55.0 27.9 31.8
102 54.9 30.7 32.0
103 60.4 30.6 32.2
104 57.9 26.4 32.2
105 64.2 27.7 32.0
106 51.8 23.5 32.2
107 56.5 22.1 32.0
108 54.9 29.1 32.2
109 56.5 27.1 32.0
110 60.6 30.7 32.0
111 55.9 27.9 32.0
112 64.8 34.3 32.0
113 73.0 38.1 33.1
114 64.2 33.6 32.4
115 63.9 30.7 32.5
116 65.5 30.2 35.4
117 53.4 39.2 34.0
118 62.8 22.5 32.9
119 68.4 34.7 36.7
120 71.2 35.1 38.7
121 57.4 35.6 42.3
122 60.4 43.5 34.9
123 70.9 25.0 35.6
124 66.2 34.7 54.3
125 56.5 36.9 45.3
126 71.2 41.0 31.6
127 72.1 33.4 45.7
128 57.2 42.8 32.7
129 61.9 42.1 31.6
130 70.9 42.1 45.3
131 66.4 46.8 54.7
132 56.1 43.2 21.9
133 58.6 39.0 36.3
134 64.4 42.1 46.6
135 75.0 44.8 53.4
136 63.5 42.6 24.3
137 66.0 44.8 55.4
138 64.4 43.7 32.7
139 65.8 45.5 34.3
140 78.8 44.1 45.9
141 68.4 46.6 43.5
142 68.7 48.6 32.7
143 67.1 45.7 31.6
144 63.3 39.2 41.0
145 80.2 48.2 36.1
146 75.4 46.8 37.6
147 84.6 49.6 33.4
148 63.0 50.9 31.3
149 84.9 54.9 32.7
150 82.4 41.0 32.7
151 83.8 52.0 33.8
152 69.1 46.9 30.2
153 69.6 40.6 33.6
154 80.8 37.2 32.5
155 71.1 49.3 33.1
156 62.6 50.5 36.5
157 68.7 37.4 34.7
158 76.6 51.4 34.7
159 75.6 40.6 30.9
160 79.2 46.9 37.4
161 69.1 46.4 35.6
162 72.5 51.3 36.9
163 82.0 50.2 36.5
164 86.7 53.4 29.1
165 83.7 49.5 36.3
166 84.2 57.0 32.2
167 82.0 56.7 34.5
168 87.6 55.2 34.5
169 84.0 53.1 35.2
170 94.6 50.9 37.2
171 91.0 51.1 33.1
172 90.1 60.6 36.3
173 93.0 60.1 32.9
174 89.8 61.0 33.8
175 91.0 61.7 34.7
176 88.0 57.0 37.2
177 86.5 58.5 33.3
178 86.7 61.5 31.8
179 90.5 61.2 32.0
180 96.8 56.5 32.0
181 84.6 67.8 32.2
182 92.8 59.9 32.0
183 79.9 62.1 32.0
184 88.3 55.0 32.0
185 97.9 60.1 39.7
186 91.9 60.4 45.1
187 83.5 59.4 41.4
188 93.9 69.6 41.0
189 86.5 65.3 39.0
190 90.0 60.8 45.7
191 87.8 61.3 37.8
192 85.1 60.1 36.5
193 90.9 63.7 51.8
194 91.6 55.2 39.6
195 91.2 64.2 25.3
196 90.7 61.7 34.7
197 92.7 68.4 41.0
198 93.7 66.6 44.1
199 88.0 61.3 42.1
200 90.1 64.6 36.0
201 95.0 64.9 46.8
202 94.1 63.7 45.1
203 97.0 62.6 38.1
204 92.3 66.6 28.8
205 96.1 66.4 34.2
206 88.3 67.5 37.4
207 95.5 66.0 32.2
208 92.5 61.9 34.9
209 98.1 63.7 38.7
210 90.9 65.8 33.4
211 83.8 61.5 39.0
212 93.2 57.9 43.5
213 90.5 61.2 42.8
214 84.7 60.3 34.3
215 89.1 64.4 38.5
216 87.8 60.4 38.7
217 85.3 64.2 42.3
218 87.6 64.8 38.3
219 94.3 63.1 26.2
220 90.1 62.6 34.3
221 90.5 69.6 50.0
222 82.4 62.2 42.8
223 94.5 57.4 38.8
224 86.9 64.6 30.7
225 90.5 59.0 32.4
226 92.7 64.4 37.8
227 97.2 61.7 38.7
228 91.9 66.2 31.5
229 97.0 60.6 37.9
230 88.7 61.5 30.7
231 93.9 63.0 34.9
232 95.9 63.0 30.4
233 97.2 58.8 37.9
234 89.6 65.5 37.2
235 88.0 57.7 34.2
236 77.7 64.2 36.1
237 86.2 59.7 32.7
238 90.5 60.3 34.9
239 93.7 61.7 33.1
240 87.3 62.6 31.3
241 84.4 61.3 35.1
242 93.7 61.9 32.9
243 86.7 56.3 34.2
244 88.9 60.4 32.2
245 89.1 56.5 33.4
246 86.7 57.0 33.8
247 89.8 56.5 32.0
248 89.4 61.7 32.5
249 90.9 60.4 32.4
250 90.3 51.1 32.2
251 93.7 57.4 32.5
252 89.4 58.3 32.2
253 80.8 57.6 32.5
254 97.0 49.3 33.1
255 94.6 51.1 32.2
256 98.4 53.6 31.8
257 93.9 58.1 33.3
258 87.3 53.1 31.6
259 84.7 51.8 34.3
260 88.3 50.7 35.4
261 83.1 53.6 32.7
262 84.2 57.6 31.8
263 85.8 51.3 31.1
264 80.2 53.2 30.0
265 77.0 51.3 35.8
266 84.4 50.5 31.6
267 66.6 52.0 31.1
268 88.2 53.8 32.4
269 77.0 51.1 33.3
270 89.2 50.5 26.2
271 82.2 49.1 32.9
272 90.1 54.1 30.9
273 87.1 50.5 38.7
274 79.2 50.9 28.6
275 75.9 50.5 33.4
276 81.7 47.8 32.9
277 75.2 57.7 35.4
278 82.6 46.4 37.6
279 83.7 55.0 32.7
280 75.2 50.4 36.7
281 82.6 50.9 33.1
282 70.2 51.3 32.7
283 68.2 41.9 31.5
284 78.4 49.5 33.8
285 74.7 44.4 34.0
286 73.6 39.6 34.2
287 66.2 43.0 35.4
288 70.3 36.3 35.2
289 66.2 35.4 34.2
290 85.1 42.6 34.3
291 66.9 43.3 34.5
292 74.3 24.4 31.6
293 67.8 37.2 34.0
294 65.3 34.2 32.2
295 72.9 37.2 32.0
296 74.1 35.1 32.9
297 72.3 32.4 34.0
298 79.0 38.3 31.3
299 72.1 35.1 32.9
300 69.4 29.7 32.2
301 68.2 27.7 32.0
302 71.6 35.4 32.0
303 71.4 33.3 32.0
304 72.1 31.5 32.0
305 64.4 35.8 32.0
306 60.8 36.9 32.0
307 46.0 34.0 32.0
308 69.6 28.8 33.3
309 60.3 31.3 32.4
310 66.6 32.2 30.6
311 65.7 33.1 32.4
312 70.7 29.5 32.5
313 69.3 25.7 32.4
314 67.5 33.3 34.2
315 54.5 29.8 34.5
316 58.3 27.0 33.6
317 54.9 17.8 32.4
318 45.3 34.9 32.7
319 52.3 28.0 33.3
320 54.3 16.9 32.0
321 52.2 22.3 31.8
322 53.2 30.0 32.0
323 41.2 10.9 32.4
324 41.0 27.3 30.9
325 43.0 32.9 30.6
326 46.9 17.1 33.4
327 41.5 40.5 31.3
328 44.4 21.0 32.0
329 38.7 13.6 32.0
330 52.9 51.9 32.0
331 43.5 14.7 32.0
332 39.9 18.1 32.0
333 43.5 12.7 32.0
334 52.7 13.5 32.2
335 35.4 22.6 32.0
336 36.5 14.7 31.8
337 45.5 19.4 32.0
338 51.4 19.6 32.2
339 45.1 19.2 32.0
340 48.4 18.9 32.4
341 42.3 11.7 31.8
342 47.5 19.8 32.4
343 41.4 14.7 32.2
344 41.4 17.6 32.4
345 48.9 17.1 32.4
346 42.6 23.2 32.0
347 47.8 22.5 29.5
348 54.0 18.7 31.5
349 40.3 16.5 32.0
350 41.2 20.3 31.5
351 44.8 11.3 33.3
352 34.5 18.3 32.7
353 40.8 13.3 32.5
354 35.6 34.6 32.5
355 36.9 14.2 32.7
356 45.0 20.7 32.5
357 30.4 15.6 33.3
358 46.8 45.8 33.8
359 30.9 -0.4 35.1
360 22.1 21.1 31.5
361 19.9 18.9 34.3
362 33.6 32.6 30.9
363 41.7 27.7 36.0
364 30.7 -4.9 29.8
365 28.8 23.5 34.7
