001 35.4 33.6 0.0
002 33.8 28.4 0.0
003 30.9 22.3 0.27
004 29.7 23.8 0.38
005 32.6 13.6 0.15
006 28.6 10.2 1.28
007 32.7 20.6 1.43
008 29.0 14.1 0.17
009 33.5 12.4 1.13
010 30.4 16.5 1.62
011 27.0 20.4 0.03
012 31.7 15.3 1.15
013 31.5 13.7 0.02
014 32.1 24.2 1.28
015 34.4 20.8 0.12
016 39.4 18.6 0.5
017 39.6 18.1 0.04
018 35.2 15.6 0.98
019 36.0 17.3 0.8
020 36.2 14.5 0.49
021 32.9 10.9 1.93
022 33.0 12.1 1.6
023 33.4 12.8 1.06
024 35.1 14.5 0.5
025 34.6 15.5 0.63
026 36.9 14.0 0.71
027 35.5 14.1 0.3
028 35.9 20.6 0.64
029 33.5 18.6 0.07
030 31.7 30.7 0.45
031 24.4 16.8 0.04
032 35.3 14.0 0.11
033 24.5 23.5 0.39
034 24.6 22.3 0.14
035 29.9 14.8 0.34
036 39.8 38.8 0.17
037 22.3 12.4 0.02
038 34.5 12.3 0.19
039 25.9 24.9 0.56
040 35.6 21.5 0.42
041 30.6 22.6 0.04
042 33.6 11.7 0.06
043 34.3 24.2 0.0
044 24.1 23.1 0.08
045 32.4 17.2 0.08
046 21.0 20.4 0.09
047 30.5 21.3 0.0
048 29.8 28.8 0.0
049 31.8 17.2 0.01
050 33.1 11.4 0.05
051 37.6 15.1 0.08
052 43.7 17.6 0.0
053 30.3 20.1 0.0
054 33.1 17.6 0.0
055 40.4 31.7 0.0
056 30.3 29.3 0.02
057 40.1 13.2 0.01
058 36.5 35.5 0.01
059 31.0 30.0 0.05
060 42.8 29.7 0.12
061 37.8 24.5 0.02
062 35.6 20.7 0.04
063 30.7 29.7 0.08
064 32.9 14.2 0.08
065 26.2 18.4 0.01
066 28.3 23.1 0.01
067 41.6 25.7 0.02
068 44.8 27.6 0.14
069 50.5 31.6 0.4
070 45.7 19.3 0.43
071 36.4 17.0 0.07
072 39.3 17.7 0.15
073 49.4 19.9 0.54
074 37.4 25.7 0.03
075 48.7 21.7 0.17
076 39.0 26.6 0.2
077 42.9 23.0 0.14
078 47.7 31.0 0.72
079 45.3 20.2 1.21
080 42.1 24.7 0.39
081 47.4 24.6 1.87
082 41.9 25.2 0.08
083 53.4 26.8 1.8
084 43.4 20.6 0.55
085 47.6 26.3 1.74
086 52.4 19.4 1.53
087 38.8 18.1 0.65
088 35.5 22.7 1.25
089 52.6 20.6 0.55
090 49.2 20.0 0.32
091 40.0 16.6 0.84
092 45.4 19.2 0.18
093 57.1 19.5 0.3
094 48.4 21.2 0.45
095 48.5 20.1 0.25
096 44.4 20.4 0.14
097 51.9 15.1 0.06
098 50.2 20.1 0.08
099 48.4 23.5 0.19
100 57.6 22.5 0.05
101 68.0 17.0 0.24
102 66.5 30.7 0.11
103 66.9 15.9 0.01
104 60.6 33.6 0.02
105 53.2 24.3 0.1
106 46.1 35.6 0.04
107 47.5 37.0 0.3
108 65.6 39.6 0.06
109 57.9 45.4 0.03
110 58.4 27.4 0.07
111 61.8 19.5 0.0
112 62.0 31.8 0.18
113 65.2 29.3 0.09
114 69.2 33.3 0.09
115 67.2 31.6 0.03
116 70.0 37.5 0.06
117 65.6 40.5 0.01
118 59.3 30.5 0.0
119 64.6 36.5 0.08
120 54.1 29.3 0.01
121 49.5 31.3 0.02
122 62.0 38.2 0.2
123 57.4 33.4 0.06
124 60.8 34.7 0.25
125 69.8 35.4 1.85
126 64.9 34.2 6.46
127 66.0 38.1 0.29
128 65.8 41.4 2.49
129 73.7 27.9 0.74
130 66.3 41.4 5.7
131 60.3 45.6 4.43
132 68.1 33.5 8.72
133 70.7 38.6 6.65
134 70.2 44.0 7.11
135 72.5 43.9 4.89
136 67.9 37.5 2.5
137 68.7 39.4 1.81
138 68.8 37.0 2.25
139 64.7 50.3 5.28
140 70.3 42.1 14.31
141 68.6 48.0 15.37
142 69.3 50.6 7.36
143 73.7 51.1 7.12
144 67.7 53.2 5.2
145 69.5 48.4 1.0
146 69.0 52.6 1.48
147 72.5 51.1 8.67
148 71.7 52.8 8.92
149 71.1 57.2 13.31
150 67.3 47.9 1.17
151 68.4 49.3 5.83
152 70.0 49.7 3.51
153 72.8 51.1 4.57
154 70.7 49.2 0.19
155 76.9 53.9 16.02
156 70.8 52.5 9.41
157 74.4 57.4 1.5
158 75.8 54.4 6.88
159 78.5 59.5 0.24
160 76.2 53.6 6.16
161 78.3 59.8 8.35
162 73.7 55.0 7.06
163 77.4 53.5 1.82
164 80.2 57.9 4.31
165 74.8 54.3 2.81
166 80.3 55.2 2.14
167 78.4 52.5 1.06
168 78.9 53.5 3.75
169 81.1 53.9 5.58
170 80.1 52.5 2.49
171 76.9 60.6 3.74
172 81.9 50.8 4.65
173 80.3 60.2 4.83
174 79.7 54.7 1.05
175 82.2 55.3 0.76
176 80.9 55.1 0.29
177 79.8 58.9 3.78
178 78.5 54.6 8.11
179 81.7 63.4 2.12
180 78.2 57.5 2.38
181 77.0 53.7 4.11
182 77.7 55.2 1.72
183 81.7 59.6 1.01
184 84.4 61.2 6.98
185 84.4 61.4 7.35
186 81.6 60.5 1.15
187 80.2 60.5 1.54
188 85.5 58.3 0.65
189 81.5 60.5 5.88
190 77.3 61.8 2.01
191 85.2 60.3 11.16
192 84.3 59.0 9.11
193 81.1 58.1 8.29
194 80.4 59.6 5.45
195 80.5 63.7 1.94
196 87.8 56.9 10.27
197 76.8 61.4 2.33
198 79.6 62.6 4.79
199 88.4 61.3 1.9
200 79.7 60.9 4.66
201 76.3 57.4 2.98
202 80.4 59.9 1.81
203 79.1 61.5 5.48
204 82.6 60.0 6.49
205 91.6 60.9 5.1
206 86.4 61.1 1.86
207 84.8 64.9 3.51
208 82.1 60.2 1.35
209 86.5 62.6 0.21
210 85.2 61.6 4.48
211 89.5 62.5 5.05
212 89.4 65.9 1.43
213 90.8 66.5 6.27
214 93.3 67.8 3.97
215 78.7 66.2 1.61
216 87.7 63.5 0.23
217 82.7 65.0 0.57
218 87.5 66.1 8.12
219 88.9 69.3 2.92
220 83.9 64.3 7.88
221 92.0 61.1 3.53
222 87.7 67.4 1.64
223 88.9 58.6 0.07
224 91.3 63.5 2.58
225 87.0 57.6 6.14
226 83.9 59.7 2.51
227 86.8 62.7 9.67
228 79.8 57.6 2.43
229 85.1 59.2 0.67
230 80.3 57.0 2.09
231 85.7 60.7 4.49
232 86.5 61.0 2.16
233 87.7 68.2 6.71
234 87.6 61.0 0.82
235 76.5 59.0 0.82
236 89.8 65.1 0.94
237 85.2 63.1 1.18
238 90.3 55.8 1.36
239 94.3 62.9 0.12
240 92.4 65.9 0.07
241 92.9 51.3 0.0
242 86.9 54.2 0.0
243 89.4 60.5 0.0
244 79.4 59.3 0.0
245 92.3 61.2 0.0
246 89.4 62.2 0.0
247 88.1 54.7 0.0
248 95.5 60.5 0.0
249 90.1 61.2 0.0
250 94.6 66.0 0.0
251 92.5 72.4 0.0
252 90.9 62.4 0.0
253 97.5 55.9 1.42
254 87.3 55.0 0.7
255 86.3 60.7 3.88
256 83.1 49.3 1.24
257 85.4 44.6 0.37
258 88.1 54.0 1.06
259 82.3 57.3 0.54
260 90.5 55.4 3.33
261 86.6 46.7 0.65
262 90.4 51.0 3.98
263 81.8 54.0 2.04
264 90.5 48.5 1.01
265 78.6 50.2 1.98
266 83.2 47.3 0.18
267 81.5 54.8 6.06
268 80.0 48.9 4.23
269 79.0 49.9 5.77
270 71.1 50.8 7.09
271 79.3 50.5 0.22
272 76.2 46.8 0.32
273 84.2 49.6 1.06
274 78.3 46.9 0.46
275 84.3 49.8 0.8
276 76.7 55.3 0.66
277 84.1 50.3 0.16
278 82.3 53.6 0.85
279 86.2 44.2 0.4
280 74.5 49.6 0.68
281 79.8 42.9 1.72
282 84.1 40.4 1.21
283 79.5 46.3 0.0
284 72.4 38.1 0.44
285 82.4 53.8 0.16
286 73.6 48.1 0.49
287 70.0 38.4 1.08
288 72.6 39.2 0.19
289 62.8 48.5 0.72
290 61.4 46.4 0.67
291 77.3 49.8 0.58
292 66.9 32.2 0.22
293 69.9 37.1 0.01
294 81.1 39.2 1.12
295 71.9 33.9 0.94
296 56.0 32.0 0.64
297 73.9 33.4 0.47
298 64.0 33.5 1.55
299 70.0 38.3 1.52
300 58.8 38.3 1.85
301 61.6 37.4 0.62
302 56.6 31.2 0.68
303 59.8 38.6 0.11
304 50.6 41.5 0.42
305 62.5 31.3 0.24
306 59.0 24.9 0.24
307 62.5 25.9 0.39
308 62.8 29.5 0.25
309 64.0 28.2 0.41
310 55.1 28.5 0.4
311 67.8 27.0 0.21
312 67.5 29.7 0.03
313 61.3 28.2 0.02
314 50.2 31.6 0.09
315 46.8 14.9 0.05
316 57.5 27.3 0.3
317 45.1 32.3 0.31
318 62.5 12.4 0.81
319 52.8 25.3 0.39
320 62.0 20.3 0.31
321 56.1 26.0 0.25
322 61.8 31.4 0.01
323 58.2 21.4 0.06
324 66.8 39.0 0.05
325 61.9 30.0 0.0
326 66.3 32.7 0.22
327 63.9 25.0 0.13
328 54.1 28.7 0.17
329 49.2 21.0 0.0
330 57.7 26.5 0.49
331 53.3 24.3 0.13
332 57.0 20.9 1.06
333 61.9 22.0 1.0
334 43.9 23.1 0.5
335 52.5 24.8 0.78
336 44.9 18.2 0.1
337 55.3 23.5 0.41
338 59.2 16.1 0.57
339 58.3 20.3 0.05
340 47.6 26.2 0.02
341 47.2 22.0 0.43
342 41.6 24.0 0.01
343 40.1 21.7 0.66
344 33.9 16.4 0.03
345 52.3 20.0 0.84
346 35.3 17.2 0.92
347 50.5 24.7 1.42
348 40.3 21.4 0.45
349 52.0 23.8 0.34
350 47.1 21.1 0.27
351 51.7 23.3 0.09
352 51.8 22.6 0.12
353 49.4 24.5 0.01
354 47.6 21.7 0.09
355 48.3 22.8 0.08
356 45.1 21.9 0.08
357 55.6 20.4 0.06
358 43.0 30.6 0.54
359 53.6 20.0 0.9
360 49.6 19.2 1.19
361 43.3 24.4 0.55
362 41.7 25.7 0.49
363 52.4 20.9 0.52
364 41.8 25.7 0.44
365 45.4 21.8 1.1
