001 35.4 33.6 0.0
002 34.3 31.2 0.0
003 30.9 27.0 0.43
004 32.8 25.7 0.09
005 32.0 18.1 0.2
006 30.5 28.5 0.55
007 31.9 20.6 2.62
008 29.6 17.3 2.83
009 31.4 21.8 0.78
010 28.2 14.6 1.09
011 37.1 21.2 0.85
012 32.5 18.5 0.55
013 31.9 11.6 0.83
014 33.3 14.5 0.13
015 35.6 22.5 0.61
016 32.8 15.7 1.22
017 35.4 14.6 0.12
018 38.2 17.8 0.21
019 32.4 20.6 1.11
020 34.6 19.2 0.98
021 32.0 14.5 0.25
022 35.3 14.5 0.15
023 34.0 11.1 1.22
024 33.5 19.6 1.57
025 30.4 13.5 0.06
026 33.5 16.1 0.78
027 34.5 18.5 1.08
028 32.0 12.5 0.18
029 31.0 17.6 0.39
030 22.0 21.0 0.15
031 27.1 26.1 0.4
032 34.0 16.3 0.45
033 27.8 26.8 0.06
034 30.8 15.1 0.33
035 28.7 12.0 0.07
036 29.4 12.6 0.12
037 27.8 -0.2 0.55
038 32.5 31.5 0.19
039 28.4 17.3 0.41
040 28.5 27.5 0.37
041 38.6 11.5 0.06
042 32.7 15.2 0.04
043 33.1 10.3 0.06
044 28.5 27.5 0.02
045 25.4 2.0 0.01
046 30.0 19.6 0.03
047 31.5 18.3 0.02
048 21.4 20.4 0.02
049 28.5 20.1 0.01
050 38.5 15.5 0.02
051 40.0 23.0 0.01
052 38.7 15.2 0.0
053 34.7 23.2 0.0
054 34.2 15.4 0.0
055 33.5 20.3 0.0
056 38.2 14.9 0.02
057 31.3 13.4 0.05
058 40.4 17.0 0.04
059 32.7 15.2 0.03
060 25.4 18.3 0.04
061 36.2 18.7 0.0
062 39.0 38.0 0.01
063 32.5 18.7 0.04
064 27.8 17.4 0.03
065 49.4 25.3 0.02
066 32.3 19.8 0.02
067 41.1 24.1 0.06
068 41.7 18.4 0.29
069 39.1 15.9 0.62
070 37.3 23.9 0.75
071 42.2 22.0 0.11
072 39.7 23.9 0.53
073 39.9 23.6 0.59
074 44.5 22.3 0.04
075 41.0 16.4 0.18
076 39.1 27.8 0.71
077 43.6 22.2 0.68
078 43.6 27.9 0.22
079 46.8 20.9 1.42
080 42.1 19.5 1.12
081 54.8 22.9 0.01
082 49.0 20.5 1.55
083 37.8 22.7 0.3
084 45.2 23.0 0.12
085 45.6 23.5 0.32
086 41.2 23.9 0.61
087 46.4 17.3 1.0
088 42.8 22.3 0.0
089 47.2 19.5 0.43
090 58.0 21.5 0.25
091 49.7 18.4 0.49
092 46.4 23.1 0.45
093 51.3 23.3 0.91
094 46.5 22.5 0.22
095 42.8 23.8 0.17
096 47.2 23.4 0.16
097 52.0 22.9 0.03
098 51.6 20.8 0.09
099 43.7 23.2 0.05
100 52.4 23.7 0.09
101 49.1 25.5 0.01
102 63.5 24.2 0.05
103 62.0 19.9 0.08
104 61.6 25.2 0.08
105 66.1 27.8 0.19
106 72.2 35.8 0.16
107 63.2 32.4 0.0
108 69.9 29.3 0.05
109 65.9 25.0 0.07
110 76.4 31.2 0.15
111 59.1 28.5 0.07
112 67.2 28.7 0.08
113 62.4 30.9 0.08
114 63.5 29.7 0.18
115 72.4 40.8 0.1
116 72.6 27.3 0.02
117 80.2 32.2 0.05
118 61.3 35.9 0.0
119 66.3 41.7 0.25
120 63.2 31.0 0.24
121 62.0 28.3 0.11
122 57.6 36.3 0.06
123 63.1 30.5 0.12
124 61.4 28.6 3.73
125 72.0 40.4 1.57
126 55.1 26.1 0.78
127 66.7 40.4 5.41
128 60.7 36.3 3.22
129 65.2 40.0 2.49
130 57.1 42.1 3.06
131 73.0 36.3 3.61
132 71.4 43.4 1.71
133 71.6 44.2 7.54
134 59.9 35.1 10.81
135 66.9 44.2 11.8
136 71.7 37.9 7.66
137 70.3 38.3 2.32
138 70.6 42.4 3.92
139 74.7 47.2 3.93
140 70.6 45.1 2.35
141 69.3 40.7 1.76
142 69.0 48.5 2.23
143 69.5 46.1 8.0
144 67.8 47.6 8.91
145 72.6 44.6 2.31
146 70.3 55.1 4.99
147 73.5 52.3 3.51
148 77.1 54.0 5.33
149 73.7 52.6 5.63
150 71.0 52.9 10.63
151 69.6 48.4 8.14
152 70.0 54.6 2.26
153 77.6 59.7 5.07
154 70.2 57.0 0.85
155 78.2 56.9 1.57
156 75.0 61.0 3.06
157 71.0 47.6 2.93
158 75.5 51.8 9.66
159 77.8 56.2 6.34
160 79.5 55.5 6.45
161 78.2 56.7 6.13
162 82.7 59.4 3.27
163 75.1 56.4 7.8
164 79.6 56.7 10.38
165 77.7 54.8 2.56
166 79.3 54.3 2.49
167 77.2 57.3 5.05
168 77.3 56.6 1.15
169 79.4 54.7 0.8
170 76.5 54.9 0.11
171 74.9 57.3 1.49
172 75.6 46.2 7.34
173 82.9 52.2 4.94
174 77.1 59.4 1.81
175 82.0 56.6 0.05
176 77.6 59.6 4.2
177 79.1 56.1 2.77
178 76.0 54.9 4.1
179 77.1 65.4 2.58
180 81.9 58.6 2.78
181 81.8 61.8 0.04
182 82.5 56.4 3.56
183 80.4 54.7 6.1
184 80.9 60.3 1.0
185 83.8 61.0 6.36
186 83.0 60.3 4.98
187 80.1 59.3 5.28
188 77.9 57.9 4.3
189 81.6 65.2 5.86
190 86.7 57.8 3.42
191 71.8 59.1 2.76
192 75.5 58.7 2.28
193 78.3 57.6 2.92
194 81.8 55.9 0.77
195 80.2 58.2 3.69
196 80.5 58.2 7.29
197 89.3 62.0 5.34
198 85.2 55.4 0.55
199 83.2 59.1 4.63
200 81.4 59.7 3.68
201 87.1 63.4 5.27
202 75.6 58.6 3.31
203 80.5 55.3 6.72
204 78.5 62.7 3.3
205 85.8 62.6 0.28
206 86.0 57.8 7.59
207 80.0 64.0 1.63
208 80.0 57.3 0.17
209 88.9 58.9 3.74
210 85.9 64.9 3.53
211 87.1 62.3 1.68
212 90.6 64.1 2.66
213 96.8 63.1 1.07
214 86.7 62.8 2.08
215 90.2 63.8 2.27
216 87.8 64.1 3.72
217 83.3 64.4 3.07
218 90.6 61.6 3.19
219 86.0 63.9 3.81
220 90.0 58.2 5.9
221 82.2 64.2 3.56
222 84.2 63.4 2.0
223 82.5 63.1 5.29
224 90.0 61.8 1.27
225 86.3 63.2 2.62
226 82.9 63.7 0.35
227 87.4 57.6 2.97
228 82.1 58.1 0.55
229 87.3 61.4 1.18
230 87.7 59.6 3.38
231 77.5 64.6 0.06
232 83.6 60.9 2.46
233 90.7 62.2 4.76
234 89.5 66.3 4.89
235 88.4 63.2 6.42
236 83.8 61.8 4.04
237 93.3 59.1 0.95
238 89.6 58.0 0.42
239 85.2 60.7 0.07
240 89.4 62.6 0.2
241 85.0 58.4 0.0
242 96.4 64.2 0.0
243 93.0 67.5 0.0
244 92.2 61.8 0.0
245 98.8 66.7 0.0
246 86.9 60.9 0.0
247 93.0 61.8 0.0
248 98.3 72.6 0.0
249 88.0 63.9 0.0
250 94.0 67.8 0.0
251 88.3 67.2 0.0
252 92.2 58.5 0.0
253 99.4 63.6 6.34
254 82.5 57.0 2.86
255 86.4 58.0 1.86
256 76.2 49.5 1.93
257 91.0 55.2 5.08
258 88.1 52.7 4.49
259 89.5 50.5 3.24
260 88.5 58.5 4.94
261 83.2 55.4 5.43
262 90.9 46.1 5.65
263 79.6 51.3 5.22
264 78.8 45.7 0.73
265 76.6 51.4 5.89
266 76.0 49.3 3.66
267 73.5 48.1 6.76
268 76.8 46.7 0.83
269 76.5 54.7 5.43
270 75.9 47.5 2.62
271 84.3 52.9 0.54
272 76.0 49.1 0.04
273 77.9 46.8 0.58
274 84.7 44.1 1.68
275 81.3 49.5 3.95
276 76.5 50.1 0.02
277 87.2 52.0 0.58
278 80.0 47.0 0.99
279 74.5 52.2 0.18
280 80.3 52.9 0.71
281 74.9 47.3 0.23
282 79.6 44.1 0.6
283 71.3 37.1 0.22
284 74.7 44.3 0.5
285 80.8 44.8 0.33
286 85.0 53.6 1.09
287 73.5 43.4 0.64
288 69.9 43.6 0.07
289 70.8 35.6 0.9
290 59.1 41.2 0.5
291 69.9 42.8 0.49
292 69.4 45.5 0.9
293 80.3 35.8 1.53
294 79.6 48.0 0.92
295 73.0 40.1 1.37
296 79.6 37.8 0.27
297 56.4 34.0 1.09
298 54.5 35.5 1.87
299 68.1 33.5 1.68
300 65.0 34.7 0.25
301 79.0 27.1 0.13
302 48.1 28.5 0.65
303 58.0 37.2 1.23
304 48.2 29.2 2.05
305 45.5 27.5 0.1
306 58.4 20.7 0.5
307 64.5 33.9 0.39
308 52.1 26.6 0.01
309 64.7 35.8 0.69
310 66.0 30.2 0.05
311 62.5 33.6 0.07
312 54.4 30.4 0.28
313 55.3 27.4 0.5
314 57.9 30.9 0.12
315 66.3 20.5 0.3
316 55.5 21.4 0.27
317 63.0 20.9 0.39
318 47.5 31.6 0.02
319 52.1 21.6 0.07
320 63.6 20.7 0.27
321 59.0 28.9 0.25
322 59.5 26.9 0.05
323 62.7 31.6 0.02
324 67.9 36.8 0.12
325 64.4 31.9 0.04
326 65.3 26.1 0.03
327 58.7 29.0 0.16
328 70.0 21.7 0.11
329 57.7 19.5 0.06
330 53.4 21.5 0.84
331 56.5 22.3 0.69
332 50.9 18.4 0.21
333 42.9 21.8 0.28
334 51.9 26.4 0.54
335 69.8 25.5 0.32
336 50.8 24.2 0.25
337 48.4 26.1 1.07
338 51.5 23.6 0.93
339 42.9 23.2 0.59
340 41.6 23.1 0.51
341 52.2 17.5 0.16
342 50.9 20.7 0.13
343 38.3 23.1 0.74
344 47.4 17.4 0.73
345 50.7 19.2 0.54
346 46.5 16.4 0.62
347 50.6 16.0 0.77
348 53.4 18.5 1.02
349 47.1 24.4 0.82
350 59.1 20.8 0.16
351 47.2 26.3 0.16
352 46.0 23.4 0.05
353 41.5 23.6 0.0
354 47.2 24.7 0.21
355 49.4 19.9 0.22
356 48.2 24.3 0.16
357 52.7 27.1 0.05
358 53.9 22.1 0.42
359 48.9 22.9 0.53
360 49.0 24.6 1.5
361 43.9 21.2 0.65
362 41.5 19.7 0.15
363 39.7 18.3 1.07
364 43.3 25.3 1.5
365 47.2 22.8 0.19
