001 5.7 -10.7 0.0
002 14.364244312589577 -9.935818190686048 0.07394222594728582
003 38.470894583159485 0.8790593021676925 0.04718791590413299
004 34.983409208022195 34.0 0.23912085173663905
005 34.15956121199469 2.71095014505397 0.0510703189709429
006 24.5670762077024 -11.123490041950024 0.06939918523300317
007 20.238172664987715 -1.1830589168177976 0.028399716366566276
008 22.280940399424697 -4.35107021227609 0.614727327516895
009 11.831804442930885 0.5107345654263358 0.7748713710314613
010 22.017922902128902 1.448719410584722 0.16909659689071163
011 25.259269476748145 24.3 0.373545915246376
012 36.66457989564525 35.7 0.01525627879873051
013 27.19250483963554 26.2 0.14603911738565364
014 27.129666624234662 24.278143313415022 -0.44484760034316395
015 24.268208139611673 23.3 0.2595404071356282
016 45.088147405115976 19.02621401492985 0.4676197109930444
017 31.16409578748349 12.381131995506525 0.18252904100987524
018 41.34780368802567 2.5348424503662947 -0.11381896555009374
019 41.42847837605969 40.4 -0.03946275793634202
020 39.64237263804144 -3.7896667190127022 0.2035994106775478
021 36.10748383223099 16.80241381345386 -0.02035706081287575
022 28.478944873863092 14.126636221566104 0.049447858136906164
023 36.01413323714813 19.37830640538747 0.07435779688160334
024 28.251064306112994 11.80810952645464 -0.4590609572209563
025 40.64294325071798 39.6 0.0990649833587596
026 39.53101616271512 17.602903787648547 0.2258375065668954
027 47.29412042360132 46.3 -0.12510224206828613
028 42.42298951110886 22.633045811918983 0.37523017485761057
029 39.33566280544126 20.011900260812066 -0.0660322258740692
030 47.588012713396274 24.8687119250651 0.3065044229856638
031 50.04585734510961 20.730134691791537 0.1363766849627146
032 53.63128027386038 20.31497680912245 0.11345415967486713
033 48.56481733878609 13.72615131928433 0.3061394289234377
034 37.42883306168279 12.928400787843033 -0.006132548772606744
035 35.8257364937861 21.257771996578082 0.06849357187009056
036 55.02643399488315 22.30535662147625 -0.1300346141033863
037 50.80262032382265 13.414977501637953 0.09129634359043963
038 37.91421371462335 36.9 -0.07223661124311076
039 43.50389847964536 14.720543855492418 -0.2191770445293256
040 45.40716308940029 24.330291713801817 0.07914077789548327
041 40.430642788685844 13.867808438742163 -0.008106356600582301
042 31.060133723497618 15.048849565984934 -0.04891138881792291
043 45.455585814299994 14.521725690738403 -0.17090409127263317
044 55.976765402244155 19.04995523719251 0.28818899473584053
045 44.371001040031324 13.645973072474476 0.12342051311363439
046 51.79629479738324 17.376431647725497 0.0
047 45.64392060093694 23.391117256994765 0.0
048 52.152417191427574 21.604194787272355 0.0
049 55.1924655810812 16.30858614654419 0.0
050 67.48583633056262 18.19060382650514 0.0
051 29.4253871567103 11.098056195244034 0.0
052 60.45133641767223 22.243495550759516 0.0
053 50.70812767589429 12.921546185951373 0.0
054 36.426295196543165 18.090840462724632 0.0
055 64.69878108798072 19.036729031189243 0.0
056 29.609978277675264 13.984824826993666 0.0
057 39.525483878623916 38.5 0.0
058 43.9439973739946 22.21731737827237 0.0
059 50.110419325423905 5.342936147278627 0.0
060 43.38138421635549 -0.951248594758269 0.0
061 34.74150935360467 16.686821459967206 0.0
062 38.92625446116902 37.9 0.0
063 45.57454988970049 16.981019459334988 0.0
064 44.38242326970007 12.74085757630283 0.0
065 38.61844122998842 -6.160331226627534 0.0
066 53.63210640450336 10.534080888838098 -0.02872832729093816
067 37.60526888284074 11.225420561251866 -0.6307870165361746
068 26.550997632040136 25.6 -0.12109818390608673
069 38.88904237937896 16.067216963449564 0.059197762853868324
070 33.172105082736195 12.668453379726582 -0.11057702756285134
071 26.872644884308123 14.131652792686088 0.1354778944081365
072 33.134394594673005 12.699878866575663 0.6957775362998687
073 25.677437073666837 10.121872182490122 0.09646904803840149
074 35.14348983289588 11.091716303589575 0.13992426722674087
075 63.140825815012185 20.42322457523646 0.09904638651254294
076 42.44506378366505 14.880012329980593 0.18834220809917013
077 54.16243485732973 15.846297565421349 0.5380948517130458
078 51.92098575763303 16.566126220911176 0.8553948474226131
079 48.41793330207293 17.24258551902134 0.7433032493350327
080 38.92099474733413 16.37411465984262 0.5441867830287825
081 45.459042916053995 26.447561328608753 0.20449800149678343
082 48.44214277072683 12.328493463864332 0.3922767820136437
083 48.44495075924893 17.81413349578215 0.9971101543354526
084 63.15698392994532 15.497979170886307 0.520157052872718
085 56.764190838826345 13.96036528405318 -0.18621199778265102
086 46.22994113472397 19.60936604243275 0.4253228276493853
087 61.83072969941655 31.261728116762367 0.12115675865657238
088 57.79962973942935 18.745435440820366 -0.06390179879449137
089 52.23384557249852 24.44638118487515 0.14273069016471984
090 61.40622223519973 29.089281914691846 0.29056011486761735
091 45.64201842990078 30.587339073267998 0.014126885398093023
092 59.22686575865238 21.947655624325492 -0.04849364246278634
093 57.370628951493735 30.524300522483806 0.3116739411688325
094 54.41958694802418 28.36663269733134 0.22496410623424307
095 60.68912424035493 30.15953683270192 -0.041914991592424955
096 63.34467771760479 28.959138130068105 0.34653845758150226
097 56.39595139980421 29.036476560591073 -0.045507939428202554
098 49.97439850235399 33.97350580312218 0.32120320094240457
099 56.21415215270408 25.288836536448336 0.47395442968035545
100 59.02119748132655 29.63919843177399 -0.0339241188798109
101 58.62625944714601 30.551879031641874 0.03230184504888751
102 50.10911261349317 25.845132258656218 0.09976361307209594
103 54.45302452555441 25.054071366819116 -0.09243702109843391
104 57.12178572406954 25.806435215779516 0.01790316977497905
105 46.71804807777412 22.25801710534632 0.02678521918533718
106 53.16769827094644 30.327163780446224 0.07593999561855973
107 51.143206472449066 31.58619112247789 -0.026690923721758485
108 54.92969366484815 31.87774591500899 0.041532318487411374
109 60.997912856320774 25.37389166020061 0.006003291435818726
110 60.632224548495984 29.514090130802252 0.0
111 66.50105652741233 30.560965758008965 0.0
112 57.470511568401236 34.385499870868934 0.0
113 74.06071260782291 22.44119109181453 0.6793415020489009
114 71.32881792694897 29.39796926870054 0.5458091720185065
115 71.20548600731028 30.5681972395105 -0.3964860809516474
116 55.02495043242854 31.8470959790516 0.14841366918277213
117 62.66536605984592 31.04637200049248 1.477637409352587
118 67.8606581802882 25.167018467037067 -0.8325665582996157
119 64.41799472639735 39.54034075477022 -0.9688222667649664
120 69.74414042655421 34.99896188753553 -0.683688361433457
121 62.033664310953604 28.918815587314572 -0.938513614183571
122 70.61766193639183 33.76801341313667 5.502430830025242
123 64.90176844354505 31.76699678777043 11.231281720851271
124 60.29991493337543 37.27047574081677 1.3511284017832943
125 59.383135199335484 43.55192518798589 1.8235471081280576
126 56.68419557546141 37.36219384352885 1.8042022049441218
127 70.37541816349054 37.635125839965475 10.141716265165654
128 72.80388051579916 42.128903999199544 -0.6256540443569358
129 57.41419832776099 49.13629446309711 2.463818870266237
130 62.41241371725748 40.782358434681534 6.000139359077479
131 60.43622431404614 41.40054216953897 9.099670929519796
132 66.69849625874527 39.82993835703833 14.175155403169239
133 60.925573223053355 38.22373738838885 8.947827763437179
134 67.02268630118365 42.38980578049279 -3.5517086716210375
135 71.65327475691292 42.13601038920609 4.936336465248341
136 65.18367680322577 44.73485390368825 9.45859505228481
137 75.8073709874895 34.8065486256627 8.59056891499835
138 67.45097969540348 43.216701637533546 3.4644456842461624
139 69.9821748067961 43.11556374878706 9.274967356200452
140 76.67512579575104 45.82847684562386 9.260523326107672
141 66.92352601744365 45.06385212017491 2.940373711283449
142 75.83737170625497 40.666152284163914 -0.8733810932933315
143 76.67859892715701 45.43703901157137 -3.2496005623762763
144 67.20685992054035 39.10166071829696 -0.03739548744387311
145 66.79157445645639 45.05586026342917 2.719723955571151
146 68.6821720217728 48.43190000456596 -0.24289972647917546
147 71.2989929371596 50.28557572953435 -0.5770700007822647
148 80.41693336489514 39.494260140697406 1.1017270561182062
149 81.56953414036097 47.26276709253092 1.2623415961563171
150 65.00743696463064 52.20716161472774 2.9838394786980262
151 60.963003314441096 41.53966230371395 0.9608868990221726
152 71.89157395646818 44.11314432688596 -0.6247116845395917
153 81.63125161646005 48.26814559326176 0.48748740696201
154 75.15423410230918 45.05475450882769 0.3991359680444344
155 78.95788987439417 37.57762888521079 0.4370373950662334
156 84.92903967233839 49.647098485410986 2.613181280830838
157 68.48221012627583 48.26877691308375 -1.2308841317049022
158 75.24063106090321 46.09228177422434 0.8746021253683219
159 72.21338441799867 46.7911673147179 2.0685868679817596
160 76.71040958428735 48.84121666152684 2.548753414532673
161 73.42810996106353 51.48813946637927 0.6122322332910455
162 75.71264206595839 46.465108801649265 1.6281406093619784
163 78.30576547563486 51.37070138185683 -0.758736396187397
164 81.32809912976265 57.90488488723614 -1.0625398652399802
165 80.4842716989951 52.162746147241 -2.269036905888727
166 79.15150275257906 55.94497965225214 1.1295053459878643
167 79.81960733600667 56.56347892513843 -0.009211872962794576
168 79.2602328619776 57.615841583803345 1.7977474131970137
169 69.73580958622512 56.435276158366044 -0.8031878623699843
170 91.49737931542066 59.611602118964555 -0.9277901807780413
171 96.8579462682075 66.13281554260607 0.25637103452568505
172 90.38144435310375 56.63619924152618 1.2894139931929005
173 78.93020025509115 61.07925115865248 3.259350623721277
174 91.87360386905786 46.25514892963436 -0.835965515178013
175 86.71653634136851 61.44176378485811 0.1496393462200758
176 87.69051713394212 63.878767689846256 -1.16348148136586
177 76.65477251419073 64.93645974581902 -1.634232785885818
178 81.3640104601925 61.01660797658601 -0.007342053333031166
179 87.73861731687887 63.97534062387906 0.08811667402628093
180 88.05899669958333 66.92539950755487 -0.003361883737270654
181 94.56090780669547 66.24673118868053 -0.022345805322830273
182 86.39992562817118 71.87045687144705 -0.021344406099368746
183 93.15742112488638 62.02680472062108 -0.8827720700335462
184 88.44192327341877 63.134630008728486 1.023292095564218
185 88.82711872435934 61.86969732289018 -1.9692516422893065
186 87.14868970682728 68.63687351382005 2.541599718269187
187 90.70263421158243 67.62269574930713 9.078311700697123
188 89.88273582389445 62.07318669714451 7.6642440939815435
189 87.1603649475731 63.32114632812299 6.177397974739973
190 92.65724662724456 59.73911630291658 7.346461633344588
191 88.23622333801977 66.61168773655749 12.644159994059496
192 90.99658665437211 64.1020974534739 -2.198825620918228
193 97.091775078539 64.06718190183503 6.010886577887934
194 89.43101430613457 64.67405590337962 -3.6027874880629134
195 85.90169451442956 58.951268240254045 2.710778392657225
196 89.8857400022571 60.723661389122455 -0.7507808313272051
197 92.4900745755846 64.26536931654586 2.4735834950317974
198 89.9546397156341 65.22531972568055 -1.664563961525051
199 88.94473129926176 65.78271769494712 0.20990759901218503
200 96.35429612027184 63.87662437452206 -0.7783893140270433
201 91.71009099087225 69.95605893568845 7.272666321146465
202 96.54537198418987 65.51853842744723 4.1490290446070786
203 91.01037383069927 66.75280621473449 1.5648437209228918
204 95.9536271528952 62.19705716673792 5.074895233609086
205 94.4111580961191 65.7425677579185 2.1035875128490016
206 94.5113832319116 66.78765136480321 -1.0530486121914435
207 95.80805821668355 65.00147279208002 4.914588453017423
208 98.28616789428403 60.94499122286577 1.7800650468526384
209 91.36802013983564 63.336733740453255 5.428613213296351
210 85.86079018178889 62.92183885235248 3.4624735999733285
211 89.21288835795959 65.32557396226133 6.436661301193089
212 92.36883366313637 62.176881719477564 4.153983415234078
213 92.17826151674562 62.8316626127255 1.7770912163787247
214 96.94098828681877 62.003450012407875 -0.18667138279587725
215 89.21907277828238 68.37788364716661 5.750186558614676
216 90.11274578466897 63.45755643838031 3.7052021343407864
217 92.18757231470511 67.05741949249544 3.4092079197937895
218 88.85859028809938 67.20510425376513 -1.2315090291687216
219 91.67635586515871 67.29878126055527 4.476265501736708
220 97.79825297051477 64.1410796308605 5.967576564278005
221 98.98166678416328 61.80717945924016 -0.43134867472636795
222 89.37537452858156 67.02913227901118 0.03822318645206013
223 94.55383494258717 62.19383910890311 6.511743209408058
224 80.4875227205796 66.07438737877972 -2.428909374865015
225 90.52923386280527 65.7402898855142 -0.05586067216118429
226 87.44393044195552 56.01754800984064 2.899702069983654
227 92.74108480173541 55.925837736832335 3.628535252481858
228 95.44688723379608 63.94623163183145 0.8129096102126998
229 93.90855834446253 65.9959414946834 1.4148453312074718
230 90.73441876003166 60.935916937287736 0.07934078643665454
231 90.68193050254463 63.46747990856664 0.16232292211697774
232 92.07781227301118 59.611240962865836 -0.15202163813474723
233 101.94212585890565 100.9 2.0388200897799287
234 82.47829566887332 59.86769617728746 -0.26359206673431756
235 89.34367542761564 65.11407320991869 2.3559924119992273
236 83.64299696584266 59.12877877245032 -1.184082086135719
237 86.76410163731174 58.33461554116497 -0.752603401042158
238 83.91496198410522 62.77449326832658 1.127776261438364
239 84.65475837508498 61.44350689210754 0.10718634347647432
240 84.70021697847204 58.955704608960914 0.6173265901101038
241 83.31388608914924 60.81882938838678 -0.8893904788107924
242 91.28021853438443 60.44484195626831 -1.2144152478439882
243 90.92732034171307 60.91140796756376 0.6210845411079446
244 83.49851471668927 56.96536950952896 -0.43625854673895326
245 89.98158398915766 53.94304010665643 2.45989529191577
246 89.35983704919028 59.324096379659494 2.354345756034747
247 81.65294751060574 54.738105597309584 0.31202186681495914
248 89.62706179260704 58.02506980475148 0.21877112104560337
249 90.71562968282096 56.14982438754001 0.1982585837469188
250 89.6959519069567 54.46356801754823 0.1872262085650831
251 97.14042205688028 58.08657905833317 -0.0009117045527935602
252 84.00076147728392 56.098576176868335 -0.1066607193211042
253 84.88353295276966 51.06580348829817 0.0009308216084958909
254 91.91966918357596 61.58447870042773 0.31461473574752974
255 80.41362392853763 59.355173231623915 0.6956336752569781
256 92.80014516457695 51.521955552600026 0.725342953562786
257 89.27244370027022 52.58984694780651 0.5388225151209765
258 86.88874995522393 54.68349328705064 0.540144510739372
259 91.82915836682315 59.984456103925666 0.16856016187822198
260 82.63401139028771 56.99385466740165 1.405564152804972
261 81.85197302533962 50.428306103069346 0.6282294045667381
262 80.65410524018786 56.37636810797963 -3.4160731770076826
263 86.72299805820195 58.11592370132189 1.6676931991559794
264 92.24706935011787 59.26224928309982 3.2935915705106673
265 80.37383851106637 54.48957761190939 2.6293323895279412
266 81.76559748516104 48.23941930887354 0.9418018782989637
267 79.29735843951924 46.43781456363692 1.7300810905054989
268 87.23350288385228 52.972280673587036 1.3255070305091359
269 85.69348164590946 47.79936187625367 0.02110428057279412
270 87.48912803956317 51.82478903236193 0.5061267518827192
271 79.51136237230276 49.55146506438443 2.2248908117118145
272 86.57209434016313 55.43927236023873 -0.5238147353828868
273 69.10313610286927 51.463289830012 0.27885363745195413
274 82.91666570186835 45.436203815712524 2.823662407909721
275 81.89287159706576 48.503870758441664 0.06106519410243616
276 80.80683371273341 49.161722249917155 2.3755541511757436
277 78.91521542943475 46.78540343060998 3.419934193393976
278 82.57997160532953 57.332588726637084 0.6222570175678213
279 78.1762856645555 51.28357626223582 0.3870310552503771
280 72.1573120351368 50.572564046256396 -0.5128829319660341
281 75.21986857419655 50.371263431113185 1.1879017544068908
282 81.44759281428621 42.14631729678324 2.0023304198014498
283 74.72902567474401 44.54873356960907 -0.29812267010596705
284 72.06063663930638 47.606974864798595 0.6109996832777357
285 78.35513685913854 40.303924269531535 1.1072853572237695
286 68.86788345440141 38.67796205432949 0.6848375299278986
287 73.7239925514159 43.35082812781483 1.0421172020940266
288 70.21114251355701 37.81572595558471 -0.0031992810967536034
289 76.98778925097432 46.72637548229513 1.3486333077837998
290 64.82466219781163 31.4033155907699 1.3974713637903151
291 69.31519045870091 39.778239660003045 0.18767681492225774
292 71.14571716413934 33.71163579179607 0.9413056558568996
293 61.112971947680066 29.885565166695987 1.1283203446032284
294 60.58612042477013 40.654907092570966 0.38681939916321445
295 67.05779435025822 35.32714797902815 0.6437207945493842
296 66.58839353756825 39.78291159245124 -0.5848062584118972
297 60.900211483376836 35.46315095388479 1.4569776731799795
298 68.82293098584431 30.906652531638233 0.40312075687849486
299 69.53639736407106 36.330658002851145 0.188672622408485
300 61.79450071996284 30.731090451604015 -0.029350896503088066
301 69.41203277506001 33.05012845550631 -0.018464989440265415
302 69.44471796624609 34.74184269122745 -0.03741937376153326
303 69.83736563663385 31.374030514952526 0.03793996523373107
304 67.33685231319059 33.60592487410541 0.065173644041158
305 62.030690328500945 29.98719341443325 -0.0282534663069837
306 68.39667374989945 34.039061579329235 0.017129984816422365
307 65.45330852759795 32.174676123649625 0.1049190371252515
308 74.60291560238642 28.931445119099653 0.24262392364857913
309 56.25050565246334 30.412397224114763 0.045534744322662996
310 56.1022481499259 33.724911036441895 -0.14709691513283207
311 55.256332340256364 37.05327000045303 -0.19217162121603693
312 65.74630247115373 30.897657900267433 0.5651179165836923
313 58.6165424832564 36.06036559443591 0.48841156979194156
314 62.16194885241978 25.44498469057666 -0.031154784866716412
315 58.13036464696816 38.95100403018172 -0.28344850087960466
316 57.3235639511351 30.01549055043404 0.3156646500682377
317 52.71324970687998 28.34459497083741 0.0575387180737163
318 60.37400935081705 29.72225440800246 0.030450374683301806
319 47.79219544867884 26.043831815135352 -0.2973255802094081
320 55.73512661358411 29.295586909842605 0.5967053854448692
321 50.54794917507373 23.59160033519145 1.247010141690627
322 55.035284933594745 19.61781903713569 0.6984729554281908
323 40.733127406210954 21.32887867331498 1.5711714402774266
324 51.15656243721354 12.009332011507604 0.7139800423318144
325 60.04991798926067 26.59982761902415 0.28890493951333385
326 44.492768636221356 22.142148302188684 0.12691179434458144
327 43.707412823529914 19.780477594837887 -0.7897469211703774
328 50.7821441515795 20.63311237509507 0.0
329 48.67392467047135 12.176068960838242 0.0
330 44.09612824766351 14.912779629725307 0.0
331 44.53193898765954 15.925335798443726 0.0
332 46.02021247186223 13.523961324090934 0.0
333 39.97270161724228 18.967510128799134 0.0
334 45.16357200072774 44.2 0.027107111498638026
335 43.65438618739771 17.84770055893621 0.029753995942582864
336 38.71361036378247 15.15911603884098 -0.08046992614188422
337 44.581116014274876 43.6 -0.04044760380816253
338 47.5884107932598 19.888528732839234 0.09882207463052008
339 56.45215490182176 15.206307622155595 0.06329535576277295
340 54.05666487186849 19.843548512362663 0.23225325816602052
341 45.34807983655901 13.75777995494131 0.006466939731019257
342 42.89661176469495 17.185389428093618 0.05887462814327511
343 48.680396945914644 21.266020385248858 -0.0704347233590878
344 47.608865310976256 17.893606310875406 -0.016148817250670758
345 39.24340628376655 16.14366633804012 0.2049073440152141
346 49.498287593499015 17.508550747083294 0.16395234882544135
347 52.332717958279495 18.45004436768003 0.9487118291453072
348 35.15665914358403 10.169213460744324 2.0774415598527525
349 42.031253801101535 17.01695474268646 -1.1591189196839244
350 41.56445311843995 14.302759563843123 -0.3139458493753001
351 37.18070355882594 17.843823715368167 0.8507272147769578
352 49.380848301808555 13.547538405988231 0.763749637145831
353 45.172935696880266 18.440501720659288 -0.9407786803699864
354 38.39902014764685 13.225268291100495 1.2919594151869247
355 30.530680764950464 17.543172204777225 1.195093601494404
356 29.993598675906373 16.692350011458068 -0.002806914100134228
357 30.332238065697283 10.499804886322252 0.5477089721049061
358 25.639641390832757 13.540745366617958 -0.2839580316916696
359 23.140308522513084 22.1 1.113248947888709
360 20.44513542052721 18.00795372779212 0.5547221178680269
361 36.07014322166448 35.1 0.23332567579373076
362 27.316101233578355 26.3 -1.019020110664595
363 37.37709516745879 13.308557968026275 -0.29594585136340584
364 32.37517499211353 17.2077858063314 1.030059077118506
365 36.18135095531649 12.891881617542683 -0.46890349659016545
