001 35.4 33.6 0.0
002 33.9 32.5 0.0
003 31.9 26.4 0.58
004 31.5 30.5 0.04
005 25.8 17.8 0.15
006 31.9 30.6 0.4
007 26.6 13.6 0.64
008 33.1 21.3 2.41
009 31.4 30.4 1.71
010 29.0 22.1 0.1
011 32.3 13.3 0.86
012 28.9 21.0 1.4
013 34.9 14.8 1.65
014 33.7 16.3 0.88
015 32.0 23.5 0.88
016 30.2 20.9 0.14
017 35.5 21.9 0.49
018 31.3 16.8 0.45
019 30.1 29.1 0.16
020 32.0 21.6 0.72
021 31.9 13.7 0.77
022 33.3 22.1 0.01
023 32.1 12.0 0.17
024 32.4 31.4 1.41
025 37.1 36.1 1.55
026 36.5 20.4 0.11
027 34.4 10.7 0.02
028 32.8 17.4 0.08
029 37.2 14.4 0.46
030 26.9 0.9 0.08
031 36.2 14.3 0.25
032 33.0 21.6 0.38
033 24.6 12.6 0.18
034 29.6 21.9 0.54
035 29.3 10.7 0.43
036 32.0 22.5 0.26
037 30.2 2.5 0.17
038 18.5 10.3 0.06
039 24.6 23.1 0.21
040 19.7 12.3 0.86
041 29.5 12.4 0.03
042 34.3 33.3 0.02
043 34.3 33.3 0.04
044 39.9 14.0 0.03
045 30.1 10.4 0.04
046 36.4 13.9 0.03
047 18.9 17.9 0.03
048 28.9 10.9 0.01
049 33.7 11.9 0.0
050 32.7 19.8 0.01
051 39.3 18.9 0.02
052 35.4 19.6 0.0
053 37.6 14.6 0.0
054 39.8 17.6 0.0
055 35.4 13.8 0.0
056 36.0 20.0 0.04
057 29.4 22.9 0.06
058 36.7 14.0 0.01
059 34.0 3.9 0.05
060 33.4 14.7 0.0
061 35.6 34.6 0.01
062 38.0 19.2 0.04
063 39.7 15.3 0.0
064 39.7 19.9 0.01
065 27.2 22.9 0.01
066 44.5 16.8 0.01
067 37.3 20.7 0.02
068 40.3 25.7 0.45
069 35.6 21.6 0.24
070 43.7 12.9 0.25
071 25.3 18.4 0.63
072 34.8 15.7 0.47
073 28.5 22.9 0.01
074 46.3 19.2 0.34
075 42.1 19.3 0.53
076 50.4 24.8 0.91
077 40.9 27.7 0.62
078 36.9 25.2 0.04
079 49.9 18.0 0.96
080 48.8 29.3 0.86
081 34.5 19.0 0.81
082 48.0 16.3 1.17
083 48.4 23.7 0.25
084 45.0 22.9 1.66
085 37.7 26.0 0.08
086 42.2 25.7 0.18
087 43.1 23.5 0.21
088 46.1 21.5 0.15
089 45.1 20.0 1.3
090 47.2 27.5 0.47
091 43.5 20.8 1.81
092 51.0 20.0 0.27
093 50.2 19.6 0.17
094 45.4 17.2 2.21
095 49.7 24.4 0.16
096 46.8 15.9 0.02
097 55.8 20.5 0.23
098 56.1 15.2 0.1
099 54.8 18.3 0.0
100 53.4 19.9 0.17
101 62.5 22.5 0.02
102 71.1 23.1 0.11
103 67.1 24.3 0.13
104 73.0 22.8 0.22
105 66.3 22.9 0.06
106 62.5 36.3 0.08
107 59.3 26.0 0.11
108 64.5 32.3 0.04
109 69.8 27.6 0.02
110 74.9 36.7 0.14
111 68.3 25.8 0.01
112 72.4 26.9 0.14
113 68.6 24.6 0.16
114 71.8 26.7 0.15
115 42.6 35.9 0.16
116 67.8 39.3 0.31
117 59.6 29.3 0.26
118 59.8 36.1 0.13
119 65.9 46.6 0.04
120 61.7 31.7 0.18
121 61.5 33.5 0.04
122 59.7 37.1 0.04
123 61.7 37.1 0.08
124 73.9 41.0 3.31
125 64.8 32.4 0.32
126 69.6 38.1 1.86
127 67.7 36.2 1.94
128 68.0 37.0 0.81
129 56.5 34.0 4.21
130 64.8 38.7 4.37
131 68.8 34.8 7.98
132 73.0 46.6 1.53
133 69.9 36.6 5.76
134 67.7 51.4 1.21
135 66.8 47.9 10.5
136 71.6 47.0 5.1
137 63.6 40.7 7.79
138 72.3 43.0 0.74
139 64.8 53.0 10.03
140 71.0 46.0 1.85
141 70.1 40.2 4.51
142 76.1 50.1 6.38
143 72.6 48.3 9.38
144 70.4 47.6 16.56
145 76.8 53.3 1.09
146 71.1 51.4 1.86
147 73.5 48.4 14.75
148 68.1 55.5 1.14
149 65.1 46.6 7.54
150 69.3 47.9 11.55
151 70.4 55.2 3.71
152 74.0 54.3 2.72
153 80.2 58.8 2.74
154 72.5 50.8 8.64
155 75.7 54.1 1.56
156 73.0 51.9 4.25
157 75.2 55.5 10.34
158 73.6 59.5 8.28
159 78.4 54.0 5.27
160 75.5 58.4 3.78
161 77.9 56.3 6.46
162 72.4 57.2 0.94
163 77.4 56.8 6.28
164 74.9 57.9 5.75
165 76.0 55.1 0.02
166 81.0 57.4 2.72
167 77.8 53.9 6.54
168 81.6 52.7 4.77
169 77.0 52.6 2.78
170 79.5 51.6 6.01
171 78.2 56.4 0.53
172 72.8 60.3 3.13
173 81.1 51.8 7.43
174 83.3 53.6 0.06
175 79.6 61.5 5.75
176 78.7 52.0 2.48
177 79.1 59.8 0.82
178 81.6 57.0 3.99
179 81.3 58.3 3.34
180 81.0 57.4 3.53
181 80.6 56.9 6.29
182 78.1 60.4 0.88
183 79.4 55.9 0.96
184 82.6 53.1 4.23
185 83.9 54.7 3.97
186 76.9 64.3 2.51
187 77.3 59.8 4.28
188 78.7 63.9 3.68
189 79.8 62.9 1.12
190 79.4 57.6 3.22
191 83.4 59.1 7.31
192 73.9 59.7 4.26
193 77.6 56.9 8.36
194 81.3 55.4 0.12
195 76.6 58.8 5.18
196 76.3 63.4 2.94
197 81.6 58.6 0.25
198 83.7 63.0 1.87
199 82.4 61.7 0.89
200 86.7 60.1 8.64
201 74.3 62.7 5.51
202 76.8 63.2 7.61
203 78.4 62.0 0.08
204 80.3 58.5 6.81
205 79.9 60.7 1.27
206 84.3 61.5 6.89
207 81.9 59.8 0.54
208 89.0 58.4 5.53
209 87.6 62.5 3.21
210 83.5 62.6 1.13
211 92.4 59.9 2.64
212 92.4 65.2 4.28
213 84.5 62.6 1.77
214 89.9 66.1 2.16
215 92.5 64.1 0.16
216 85.8 65.4 0.3
217 90.3 62.5 2.21
218 82.5 65.1 1.01
219 83.0 62.4 1.68
220 81.6 66.3 2.87
221 82.3 58.2 4.44
222 88.1 68.4 3.54
223 90.9 65.6 0.08
224 89.7 62.8 1.73
225 84.5 57.9 0.69
226 80.6 63.0 5.23
227 87.9 64.3 3.66
228 83.5 65.0 0.4
229 83.0 62.5 4.52
230 83.0 57.8 2.96
231 85.6 57.9 1.52
232 88.1 60.2 0.43
233 88.7 60.2 4.48
234 82.1 62.0 6.95
235 87.7 60.5 4.86
236 86.1 59.8 1.11
237 89.0 61.7 1.27
238 88.4 65.2 1.12
239 87.4 63.5 0.29
240 87.1 63.1 0.2
241 88.6 61.7 0.0
242 86.2 56.4 0.0
243 85.1 62.5 0.0
244 86.3 58.7 0.0
245 86.8 58.2 0.0
246 90.8 56.2 0.0
247 92.1 61.3 0.0
248 92.3 62.2 0.0
249 96.3 66.0 0.0
250 92.7 66.4 0.0
251 94.4 61.1 0.0
252 90.5 58.2 0.0
253 90.0 60.4 2.58
254 92.4 57.6 3.29
255 85.3 61.9 4.39
256 86.5 52.0 0.62
257 81.0 53.7 3.15
258 85.1 53.3 1.38
259 88.3 50.5 4.23
260 87.2 54.5 9.0
261 85.5 53.2 2.8
262 83.7 56.9 0.68
263 83.0 50.8 0.38
264 77.9 54.9 0.88
265 80.2 46.2 0.02
266 86.0 50.9 0.25
267 84.2 48.1 4.06
268 83.9 51.8 3.19
269 79.4 47.4 4.53
270 76.2 47.8 9.01
271 76.8 46.6 0.56
272 78.3 48.9 0.81
273 77.3 48.1 0.31
274 79.9 56.2 1.22
275 84.1 50.2 0.51
276 84.2 47.0 2.29
277 82.5 47.2 3.28
278 85.7 52.0 0.43
279 80.7 46.1 0.45
280 84.5 53.9 1.49
281 77.5 43.7 0.98
282 71.4 52.0 0.25
283 75.4 35.6 0.18
284 85.6 57.8 0.07
285 71.3 47.5 0.37
286 79.0 44.6 0.4
287 80.8 43.9 0.26
288 73.4 42.1 1.93
289 64.5 40.6 1.28
290 65.0 47.9 0.9
291 72.0 41.4 2.11
292 68.6 39.3 1.62
293 81.1 37.0 0.51
294 69.2 42.2 0.68
295 69.1 38.1 1.13
296 71.4 33.2 1.64
297 60.1 31.3 0.54
298 68.2 37.2 0.19
299 66.2 38.1 0.61
300 64.4 32.3 0.15
301 74.3 34.0 0.76
302 72.2 32.1 0.05
303 53.2 40.5 0.51
304 53.3 37.2 1.25
305 64.1 29.7 0.09
306 58.3 24.2 0.04
307 54.1 30.2 0.32
308 71.5 37.5 0.69
309 68.1 30.2 0.2
310 64.3 30.4 0.29
311 57.1 33.2 0.07
312 61.7 36.2 0.06
313 66.6 34.1 0.3
314 48.0 21.2 0.42
315 60.7 25.6 1.01
316 58.0 23.8 0.12
317 58.6 36.5 0.27
318 60.0 23.1 0.54
319 58.5 29.9 0.34
320 55.3 19.6 0.02
321 55.3 31.3 0.24
322 57.2 21.2 0.0
323 63.9 20.9 0.06
324 60.2 26.9 0.17
325 58.8 34.3 0.18
326 63.4 28.2 0.3
327 66.1 29.1 0.19
328 56.0 28.3 0.06
329 46.0 28.2 0.23
330 57.5 24.4 1.78
331 56.7 28.1 0.22
332 47.2 22.0 0.34
333 58.3 26.6 0.17
334 54.5 25.1 0.06
335 46.3 20.7 0.59
336 48.8 19.8 0.09
337 54.5 20.4 0.22
338 39.4 24.8 0.29
339 49.7 20.1 0.48
340 35.5 20.4 0.33
341 46.2 28.7 0.19
342 57.2 17.9 0.81
343 38.7 29.4 1.13
344 43.3 23.9 1.04
345 51.1 19.3 0.05
346 40.4 19.4 0.58
347 53.9 21.1 0.77
348 48.8 18.6 0.1
349 45.0 19.8 0.39
350 49.1 21.6 0.03
351 45.1 18.8 0.09
352 48.0 21.7 0.08
353 48.2 24.5 0.01
354 49.6 21.9 0.18
355 52.0 26.5 0.02
356 41.8 21.6 0.15
357 56.9 22.5 0.14
358 55.9 21.8 0.37
359 53.6 26.1 0.19
360 51.2 25.7 0.53
361 42.0 25.0 0.53
362 50.3 22.5 1.42
363 46.5 25.9 0.58
364 42.8 24.8 1.2
365 36.4 25.1 0.24
