001 5.7 -10.7 0.0
002 22.414100492766977 -9.930275627512108 0.22647019053305686
003 28.53084181163836 2.9300812259997056 0.08852411412576539
004 31.418376545158846 1.1215268186270704 -0.055633658847719966
005 38.37397645968311 -6.558208385864157 -0.046826572164191255
006 32.62973018283162 -3.271302321694219 0.06985725427210195
007 25.171430563874118 -0.251918025351624 0.028339398412305473
008 49.306488301649274 13.706879847514756 0.17173465786311612
009 21.315046934196197 10.546391813527833 0.2976975047233363
010 23.56039992098841 -6.709372364565619 0.01941891651548358
011 21.35860855663924 20.4 -0.09854339933974485
012 43.440287317687776 42.4 0.11224828847269079
013 22.764894766032043 21.8 -0.15257106895157274
014 36.223949193982044 11.741307158737948 0.3380827744776146
015 43.32463095668877 42.3 -0.3904699367092891
016 28.851888616819032 27.9 0.40987790000826807
017 46.813461367905575 14.035988379752926 -0.08598983531492183
018 34.9172413649698 12.293986678164385 -0.2152656604854266
019 32.65967255343136 10.728381269323403 -0.2813887512289156
020 43.288859751826685 12.23037659018975 0.32263112057736454
021 60.3140553848247 10.269648871588329 -0.024265211512819795
022 27.18845179144259 10.70890455715342 0.3264743623659844
023 31.66734280973686 13.779148583573892 0.2595055024352676
024 52.513688548159024 19.710389765077768 0.42314151842612907
025 26.14768731600088 14.49308566045779 -0.017999861220640984
026 54.28608236726243 18.801654229476995 0.3936895171878662
027 48.52461617851071 17.624823160788605 0.051500461842866635
028 33.48760658847476 15.782259990609743 -0.15795224482422848
029 41.872934892434195 16.20484930045998 -0.10300549228976236
030 45.261157576178775 22.270752593899594 0.2301218123944859
031 48.416686362874984 14.22695190994495 -0.21851570501650794
032 52.48011107122642 10.790194000251114 0.12402429549263955
033 45.77546274735097 22.5418100586795 0.2868632964761376
034 38.20343316782232 13.202739888015705 -0.05444039712035173
035 52.339011358455984 12.687199205234213 -0.07802448248292784
036 37.3448826246875 13.003281875201882 -0.11915493934578922
037 40.775879855099525 17.82932942700113 0.23349043386828475
038 36.201681299904315 21.998541763027674 0.05931379251412355
039 35.43471238953249 14.788055462711675 0.09237451580427401
040 50.75848781559643 18.421299860470796 -0.002339266815300056
041 44.261100462083995 16.006396322995244 0.17463340418262502
042 56.96479774393464 15.969383669553359 -0.3153414100102659
043 41.34127469293042 13.00372711161258 -0.10381552878913063
044 36.745856491357436 20.452185203878095 0.09008257089488911
045 47.21501501327414 10.43787640107255 0.17142138243922017
046 48.08818334041981 17.074298240379594 0.0
047 50.33762807006549 14.787231508847754 0.0
048 36.89647989283034 35.9 0.0
049 46.331446284397884 17.31676249853223 0.0
050 36.73148160265619 17.721436289117168 0.0
051 51.303014362611236 14.873194151352898 0.0
052 47.972698162121084 14.634543185104583 0.0
053 43.1630868537645 16.715419693125593 0.0
054 38.4612238434355 17.90895378515212 0.0
055 38.85327118362125 15.749090201734633 0.0
056 34.60629834738371 17.785000084619586 0.0
057 47.39767670153882 16.72334957737402 0.0
058 42.62046009696891 41.6 0.0
059 56.217128435978935 11.003638706822715 0.0
060 36.78457245589677 13.312188067750402 0.0
061 43.513626903348424 21.31756014079897 0.0
062 40.460511387873304 17.401095456356195 0.0
063 26.341298058327443 25.3 0.0
064 46.613555616040905 12.41950912963614 0.0
065 34.34558113468054 12.467988892810615 0.0
066 40.02175437092819 11.014275088154777 0.3128135280594926
067 36.6282199669475 -0.19422845999576133 0.225751135629005
068 37.88848512424126 15.239943198491305 0.029628493930839217
069 17.99181731252377 16.587920961720407 0.5471564410482948
070 41.91763244036705 18.827400621125364 0.37163681448312447
071 47.91954576635817 15.304339007786734 -0.7190548238690367
072 25.137758564397565 13.486465878169227 0.1002399418958574
073 58.70807845455828 57.7 -0.014205373541434668
074 25.75257705253807 24.8 -0.05711017777591934
075 44.66289710005863 17.847603676430452 0.3198558053801257
076 52.433195794465306 20.98363657658228 -0.003873684388612908
077 61.973804941814755 16.881639547714034 0.4320579910122216
078 38.619193818092725 20.250079465364486 0.45151029045575486
079 45.476864869817405 15.531023407409773 0.8450157269913253
080 48.58407880865165 26.63492813556895 0.6140367188445559
081 47.16327436991666 19.450253685195364 0.3247269004206976
082 50.07218761405488 17.408270652821145 0.2685693102351374
083 56.61456707341248 24.36005729693775 0.47607041454304755
084 35.88762496607414 17.549262283492446 0.015005263939701086
085 43.5610565839933 21.214177792521653 -0.333182996068176
086 50.84966735127739 23.990853600684364 -0.23298168486875842
087 54.08317544097124 27.11311882785254 0.4579231532985111
088 52.98255087819653 21.86965526054682 0.47153625681157263
089 59.356576582737524 29.355592502784873 0.1054133076327952
090 60.45429687365331 25.754017269521214 0.31307780119321194
091 54.51600180468218 26.621787943726517 0.11275147168882292
092 52.76306813926369 23.788684122383515 0.1958051113816443
093 61.16539684922475 25.92795698769247 0.4714285547193024
094 57.009682737574416 28.74959992426025 0.08121980599594077
095 59.30258942208878 26.93377002885269 0.5342670221154397
096 50.73675548971343 30.6458937487163 -0.018910770380805825
097 55.489562924073795 29.44013546413226 -0.03735974030342579
098 56.291251892331005 31.356557942668868 0.32358711011404717
099 54.21617607020715 31.390362611036025 0.05886551653009266
100 60.26938069231533 31.69653759665717 0.09409486885981118
101 53.10598932616782 28.532460869100873 0.038264802894239704
102 59.642503912251215 31.221735709951705 0.0023063118923565377
103 59.49371981682864 31.12058843177563 0.2634079773853307
104 51.43648843284716 25.178640115838505 0.13356466439167597
105 48.54640975775534 29.189380010124196 0.07786600365381853
106 61.00857178920224 26.944420309648283 0.013360049077848341
107 55.419822317355 19.079844915543816 0.03891329680641944
108 62.33259180639517 29.57165861121829 -0.08705737287246951
109 57.61770689858176 30.378125065261994 0.0015122347801006936
110 67.62213396426235 32.294594122325186 0.0
111 67.66596658897852 30.24382305792833 0.0
112 62.966541088753154 33.57476767680219 0.0
113 61.982083941754766 34.14983554933857 0.9383842820424593
114 63.894437699191364 32.926303057563054 0.6111471307868777
115 59.25117750724853 32.94656501233428 0.8179932019746774
116 53.97884255939982 36.06313686609774 2.469486581054837
117 59.22889624588977 37.440326366914356 0.8118515066548211
118 60.67080480329842 31.172908944326032 0.5699553409447085
119 44.83560278739998 34.61471205532091 1.1221151730393195
120 66.93370997122797 30.631691943036127 6.217232515812013
121 60.92382038459401 39.5274194921447 2.3265331536498697
122 56.75810633173101 32.481866190787585 -1.0595094246933163
123 62.34330087613742 31.736660502610082 14.520672574493975
124 64.00923236861848 28.308306217289655 13.92440858463134
125 54.649897636671874 40.69193496293683 2.6349716934483087
126 66.19814010357851 38.91802406628128 -1.8426162804529218
127 65.4040221173035 36.08959912552132 1.32241799250707
128 62.78169254842415 37.49558148903889 7.841230704412178
129 72.98204839822282 45.9116889567738 1.1711685662617972
130 66.03317671194243 38.879375763133666 7.981502604893663
131 55.49070906934837 39.73982405598548 11.827952577124762
132 67.31790901559745 48.05016268206261 12.203609670516162
133 79.79943618773207 41.61924882970445 9.29672896777467
134 72.31252122094375 42.61680800340631 10.317786917369114
135 65.55808746425167 42.29123443962274 10.786580390237177
136 60.477429621709845 43.758896853086526 1.1032727756789957
137 67.45723643806512 51.21887982601821 -6.214310134383537
138 75.43539556477344 47.715332215624656 6.60147012787674
139 66.99050633867274 44.73105619486459 1.8320620476786897
140 76.51890265521486 51.03717242242158 -6.842228398970148
141 59.70120656456872 48.502733895538846 2.076035948184463
142 69.18453814730636 44.289156127078456 1.467626534437295
143 70.79621441064538 49.36083851484588 -0.8129649176442308
144 81.52674474061067 40.11339863819946 2.299220560939762
145 73.13447097320382 50.974170087159614 3.780205443461539
146 85.51639068337 49.41247010913493 -2.0488806132830906
147 77.08191941431306 43.534978607661394 -1.3304300830871274
148 66.24790103160525 45.05669460284936 1.0407404262080853
149 83.85686998980978 44.926622551713756 -2.8991516746496115
150 76.30825369066548 44.346171536817074 1.024165576737539
151 65.15745415647183 41.868332541109694 1.7829142000702545
152 74.71695595550777 42.05833646145231 1.6951764910557192
153 70.0755138071525 55.06403924873708 0.7319869070365654
154 80.71829619854361 38.17506593498196 0.28143145027978334
155 76.2329903833019 47.410492976362136 1.148342061842304
156 78.7234037584296 41.484811948842875 2.6371041662709436
157 71.13903016522285 42.69738428051043 2.61798385466175
158 72.11074473278555 48.949469944420734 3.0324457075064384
159 74.91414246617848 45.96401762664726 2.1523276878741484
160 78.63434013273566 47.06842222196953 1.785556221735983
161 68.85678368459254 49.69135683446248 2.1279634292640788
162 75.01374865751689 58.56888933125798 -1.6481144179509142
163 76.59221014119375 51.49904979238502 -0.7827837652973353
164 74.69985791563839 50.52378537609507 -0.23397316310052652
165 81.16789256916375 52.92277044741353 1.131280398602049
166 70.90407152378467 54.31730295426512 1.7987117580506613
167 87.52022882848338 49.02731844718729 0.4129430623488599
168 83.7148657898008 53.1900512950743 0.9830612372082616
169 86.07128736065972 65.14820791975245 3.0129404635111765
170 87.59897642218584 55.27637408729686 -1.6793315221008605
171 86.12161930065365 58.286006478961525 0.7376290941811046
172 86.61678308482455 61.51534080243065 -0.6359077167887526
173 87.91396974858846 69.38348252327364 1.9239257450207357
174 87.20283016431755 57.63414782780668 2.092440378701456
175 93.06177940990062 63.68873357864725 0.056040091147178006
176 82.41944917311339 56.960707507693094 1.196701436949624
177 88.51717696840187 72.25485245962395 0.31133578580062393
178 98.55889212955714 68.33802925268148 0.05393504998839882
179 99.81611244876184 64.09468793384208 0.057624544349847026
180 99.15616340285598 60.24030048062821 0.014319788805713931
181 94.70730031789797 63.501099761843264 -0.03790363314913923
182 93.74345719457776 61.030214228151586 0.0545927222770484
183 83.03364836102735 62.634290167382886 2.8263564105768757
184 94.55263064673278 59.63466947598788 -0.7433129472490991
185 87.4674712933619 75.67228502612144 2.5842309431190307
186 95.08035590005724 61.34830020863535 9.083163556064704
187 96.94635158733598 59.22423557028155 3.1442494078295447
188 91.87318165821145 61.08179371464821 5.820802824345048
189 87.4427046812404 65.78806964783345 4.742118075901389
190 93.69903205239467 55.78084935415168 -5.193344756022943
191 89.4648126030183 62.39441924749517 4.900795184898338
192 94.17375481829197 59.88063651226841 3.033285033728367
193 92.34879266665276 67.68808445362674 -3.2723201611115647
194 98.13712268914863 64.14975365210394 3.1452500770078773
195 93.8221246993616 63.6879489484825 -7.084360337346872
196 90.99223465809426 61.96947428264318 8.60986294169458
197 91.85145111936967 62.65771870683951 5.54415134997055
198 97.40244653828024 65.39312555771664 8.82444253065061
199 92.70588673471084 68.88961867474453 3.6253006814227073
200 92.18321900414395 67.56701691590557 -5.227979980132193
201 90.9631736810332 66.09828958225043 5.383957852316587
202 93.6607441237655 63.001630750534396 7.017350561963821
203 91.518737689283 65.00912608872783 5.402247821647719
204 90.20834577653378 66.68028871177184 -1.5920510004327673
205 95.6720560336337 65.23358646214584 8.480248288808443
206 96.02434514017372 65.63127850098523 0.41588994976614746
207 92.90167540133815 65.70360882287655 2.255662992972464
208 97.63869616834783 68.19640686018668 3.3486449628432937
209 92.22333607953848 66.74904304020521 6.348189625691026
210 93.35507577491505 60.33770540331371 7.771333364718035
211 90.34579815653166 67.22238956067741 5.222438432745542
212 99.50539014444378 65.69580342923238 4.195983996201866
213 83.25750296529215 65.53546258616794 -0.6446183701601504
214 92.74464697193723 66.68033968546843 -1.4805187339446686
215 86.96092329970033 65.30611750158609 6.019186171219104
216 101.63306554950194 100.6 1.644090291389725
217 82.14871583139612 63.83856930006685 -1.3067543619847024
218 90.98935788748146 64.8418375810396 0.8836989519529157
219 86.56777607379374 63.246617219206165 6.9294131520485305
220 89.10377906050938 63.48931254203378 0.4405602026713753
221 87.4011583705202 60.36109676029601 2.2368249404950924
222 95.44449402812458 63.47001226649917 -1.0386478394887324
223 85.43529649587991 62.980184983215224 2.8470582873720396
224 84.78746831582922 62.26942191597034 0.9625879352800534
225 88.58116677928776 62.25624876145729 0.19149062733775413
226 87.29414062557203 64.65027011685937 0.8589945080538853
227 99.63775780066011 61.25853088835147 0.5150135962110121
228 89.22923831731876 65.73793850910842 -0.816465267886689
229 86.58608966645212 63.01998653836188 0.4867999267888382
230 99.12797518122638 60.52649892581857 -0.17608901377786002
231 82.89121454493343 66.09037828457531 -1.5687205421716486
232 88.48101415661188 58.830923453898706 1.3561731524912297
233 91.09946674316362 59.63070584840753 0.24206150692074008
234 87.59590926695807 56.90005663071259 0.9397283995025838
235 97.60647889424143 59.94565787659751 0.9764393738115467
236 85.24296160640277 61.36362438699986 2.709403565405363
237 92.64736298152752 58.93467414926572 1.9690824615632563
238 87.35462740412711 56.89940528031195 -1.2477517241898943
239 90.74866135735515 59.0231234368119 -0.4564466786251776
240 87.76979951744087 57.2235184514133 1.957880890460384
241 87.53762849852833 60.11122538402486 -0.7559868712812473
242 90.19965062793021 56.775372776560324 1.5528481126203644
243 90.36508071073679 57.18222196222949 -2.3885477575741083
244 91.79656024543054 61.02377445056632 2.8617886881865156
245 90.1898253912983 56.90991008425703 0.5899680829019962
246 92.71574565938676 56.80543313760401 1.3539371813819125
247 83.99738601925372 58.16487948300966 -0.18696918468877802
248 88.11520837140903 54.63672606788032 0.25775528876284887
249 92.37294434056467 55.551717480282015 0.24781470802897576
250 91.14336365882806 54.635547447305015 0.2610343813467595
251 95.08078427319771 55.59530511639368 0.21563781292381473
252 88.52003371839616 55.30392458957567 0.07014988669700534
253 89.37220098426818 60.782746823991914 0.9010644221086913
254 88.95333885715543 57.208802224253006 -0.48404757947439214
255 79.04702251542585 58.967516970348 0.3904382349246323
256 85.21033927727751 52.30551464656461 1.1932258462588652
257 85.78342933878174 57.847854393985365 0.9747426501136682
258 84.91164034415664 55.804769808549665 1.0161424699071293
259 98.30819266788933 51.22681659360491 2.02333045369527
260 88.19612749936553 54.48767463673094 1.6574927044998715
261 88.66498675524528 51.933526687661384 3.011947467632211
262 82.11890518266964 47.655152028390674 0.22155233226148208
263 93.90616742525205 55.53663762897794 1.633051175421952
264 83.81656446082468 49.872832139070894 4.123696013803516
265 92.42485196913395 53.18384290753636 0.5311969200071933
266 84.88450405052102 53.063564119613915 1.775673395955232
267 81.30895108377102 56.812797227331394 5.692394599678366
268 75.61502227654445 54.29176498238851 1.9526082511037175
269 86.17747096235128 46.925743128078366 -2.5629751002668293
270 81.61659013180864 51.1396380430997 3.208436759179901
271 81.631220265338 44.249530864904656 0.511076807814944
272 84.2656577506751 56.21574482635154 3.24234216714547
273 79.08627359909252 52.12685177019226 -0.947692807502653
274 82.55420416799097 51.0185250265983 0.7094613993305593
275 87.68263532738793 54.55824049176179 -2.7910696512972493
276 88.50075537120075 55.741335487521404 -0.17696514323215728
277 77.41548833789659 53.394239499629755 1.0953405910167304
278 77.87635250311729 48.57393153924045 3.9828352404164065
279 70.88067830616892 45.15252775047746 -0.3364711532779352
280 78.53305397188875 48.77294899233465 0.2171225238522838
281 83.35902566060969 45.48080018523726 0.511042677199846
282 78.5789262676322 48.73211060674632 1.7370362394581904
283 83.39338997615813 42.85457351673925 0.8304152978992289
284 77.34815075360812 44.5970248348023 1.748583792908005
285 82.23235568041589 45.019069740112805 2.816258791518785
286 69.75492459612936 44.601506374433605 -0.11274901127440418
287 71.4713833798264 35.68836830980244 -0.3702298729107969
288 72.18496017914076 42.62479120919933 -0.2629594608351602
289 80.32984124463101 42.87004393307288 0.8120419789170505
290 72.89240396000928 38.71896173108765 0.01862297940541824
291 65.68425460131967 39.00771277232564 1.5211604354287953
292 67.25287484174314 38.09505536247971 0.05577121830991438
293 64.64025918701799 31.468801310678643 1.1005459939327453
294 73.90781173918582 31.387719237697294 0.3516345368582888
295 67.7161576903845 30.066287547920783 0.8920046149160363
296 72.11142851021249 32.9367137905155 1.0865593626111982
297 63.91462949091179 33.537320159232046 -0.28364296264591615
298 67.54920804637027 32.39339446539714 0.8250728202028728
299 62.250468313186886 37.184693289709 -0.4069956558659663
300 66.37810192339442 31.626435741499982 0.006126621325163164
301 65.74259597356304 28.05518628630973 0.05389405555788858
302 62.502773322803755 29.34507442348392 0.020703369645193002
303 64.3741960149407 35.381295737817524 -0.020229137006195358
304 57.97288404159207 37.54728813685173 -0.022916558250273278
305 65.95612529785147 36.39658381093437 0.06011689710541171
306 73.22011764168525 30.84528096360289 0.031056785794821008
307 61.412473491961435 29.604649794314476 0.20050388703850514
308 70.16549258104226 32.82225880236284 0.6979836479365698
309 66.37560271210744 28.082793495257103 0.2603243008995863
310 65.84864066702404 34.512524780819305 0.3277642347953583
311 71.34493806732958 28.40352640314978 -0.06975938820389038
312 70.4506793971623 35.770306175541556 0.13655607847991227
313 63.31620748692985 36.36534406459815 0.3010032169434253
314 50.58017230831671 30.280643727489164 0.37830560279804887
315 57.85715248524433 23.75600501105044 0.39285565502891506
316 62.006793699182154 36.00026505037039 0.2644911779228222
317 54.451106356999304 34.35078855468467 0.17672337664276386
318 56.1191984495412 22.749408619077684 0.16843002574969504
319 53.493922976680246 23.701424923098408 0.8680560076584323
320 51.44168377211563 15.963321392917885 0.4926834433701905
321 55.32395488553035 35.58036276028331 0.6840398249156345
322 41.46042409462238 27.614619541383675 0.15002353545901104
323 63.723169263559356 19.855498145596172 0.20833332947153246
324 37.787961765408845 25.413580800462857 0.054421996660182326
325 51.70561274136309 50.7 0.6101673079260946
326 50.0990157425128 12.826088114862085 -0.5292842132793789
327 35.37048140069996 26.21149448031285 0.2758208550449345
328 49.548743605766134 19.207114058764482 0.0
329 52.093030417081636 20.726096779791735 0.0
330 59.845960486361655 22.488607727345844 0.0
331 46.851836353019344 17.03505210942429 0.0
332 41.63459496272017 12.65110870506794 0.0
333 43.09633909107225 19.957770070147415 0.0
334 40.07130864719175 19.878349286633735 0.032932782694922794
335 44.84082716372295 20.28810289429301 0.20623307400931873
336 39.798210896956036 18.845752033440995 0.05662427276911465
337 50.051289536415275 11.361884996967214 0.008996828059225914
338 45.05749207915747 11.288838046973801 -0.03795478928561425
339 42.701567011052624 20.258515959440587 0.008572826885806607
340 52.72988136494038 11.096375415827783 -0.06082040895788083
341 47.14559760505087 14.719770769813104 0.10884385366002625
342 51.443302387702055 21.4516717214784 -0.040246651625964115
343 49.963838954677676 16.638007706896154 0.15944576249740341
344 49.24672938325538 24.951316627457494 0.0925972908578733
345 46.419000602009156 20.44768687239451 -0.013221981071485187
346 45.12566762188063 21.277136083307944 -0.0063006089463481935
347 49.52279368507111 13.178850291501963 0.3949587165657321
348 45.21817638360959 19.337594419240933 2.0007431927707517
349 44.164954649949905 22.269835871723302 0.32309999673396866
350 32.175453495149185 25.459122345688076 1.2537683456648248
351 46.67957392922624 17.93434500416857 1.8450540366939459
352 45.55723731953385 11.942389874739128 1.0467355519419803
353 35.564845194627274 13.112445338339546 0.3872390464509316
354 30.44202655641837 17.626388570644284 0.3302791017440192
355 43.40402501750912 10.843187550536266 0.7735096994957769
356 28.74760387808754 16.297177085110153 1.2130142634581997
357 28.74636069262977 15.149995229330756 -0.40080037809424335
358 39.375214695389246 2.2267462886283393 0.7814122778951045
359 39.945490773818044 38.9 1.2766780081590108
360 36.80085891195257 17.255069247975513 0.818461904921671
361 32.99428885457432 16.732980926029086 0.14479352099618686
362 34.733953632654625 3.531010695284893 1.9244328345737753
363 21.35877029328997 20.4 0.33748605217118
364 18.872958121131553 10.368866472397844 1.1834947924893073
365 30.93137759163361 29.9 0.29892699751280405
