001 6.0 -11.0 0.0
002 10.0 -10.0 0.0
003 31.0 30.0 0.0
004 37.0 36.0 0.0
005 41.0 40.0 0.0
006 37.0 36.0 0.0
007 26.0 25.0 0.0
008 28.0 27.0 1.0
009 27.0 1.0 0.0
010 32.0 1.0 0.0
011 24.0 23.0 1.0
012 32.0 -3.0 1.0
013 26.0 25.0 0.0
014 20.0 13.0 1.0
015 37.0 10.0 0.0
016 41.0 3.0 0.0
017 53.0 12.0 -0.0
018 31.0 18.0 0.0
019 53.0 11.0 0.0
020 20.0 10.0 0.0
021 39.0 38.0 0.0
022 32.0 31.0 0.0
023 38.0 11.0 0.0
024 46.0 16.0 0.0
025 35.0 15.0 0.0
026 43.0 21.0 0.0
027 42.0 22.0 0.0
028 44.0 20.0 -0.0
029 42.0 19.0 0.0
030 52.0 17.0 0.0
031 34.0 16.0 -0.0
032 44.0 17.0 0.0
033 44.0 22.0 -0.0
034 48.0 47.0 0.0
035 52.0 12.0 -0.0
036 30.0 10.0 0.0
037 44.0 43.0 0.0
038 39.0 17.0 0.0
039 31.0 18.0 0.0
040 43.0 21.0 0.0
041 47.0 21.0 0.0
042 39.0 21.0 0.0
043 38.0 20.0 -0.0
044 45.0 13.0 0.0
045 46.0 14.0 -0.0
046 47.0 15.0 0.0
047 47.0 15.0 0.0
048 41.0 21.0 0.0
049 41.0 19.0 0.0
050 50.0 10.0 0.0
051 50.0 22.0 0.0
052 46.0 17.0 0.0
053 49.0 14.0 0.0
054 38.0 3.0 0.0
055 42.0 15.0 0.0
056 36.0 16.0 0.0
057 57.0 23.0 0.0
058 35.0 34.0 0.0
059 32.0 2.0 0.0
060 37.0 36.0 0.0
061 46.0 22.0 0.0
062 48.0 12.0 0.0
063 39.0 20.0 0.0
064 52.0 10.0 0.0
065 47.0 24.0 0.0
066 45.0 16.0 0.0
067 39.0 14.0 1.0
068 48.0 15.0 0.0
069 18.0 15.0 0.0
070 34.0 10.0 -0.0
071 17.0 16.0 0.0
072 44.0 14.0 -0.0
073 32.0 18.0 -0.0
074 41.0 20.0 -0.0
075 63.0 12.0 -0.0
076 51.0 26.0 1.0
077 46.0 18.0 0.0
078 63.0 17.0 -0.0
079 44.0 36.0 -1.0
080 56.0 18.0 0.0
081 33.0 21.0 -0.0
082 49.0 22.0 0.0
083 52.0 18.0 0.0
084 68.0 22.0 0.0
085 59.0 20.0 -0.0
086 50.0 38.0 0.0
087 50.0 20.0 0.0
088 48.0 24.0 0.0
089 54.0 28.0 0.0
090 67.0 32.0 -0.0
091 57.0 25.0 -0.0
092 52.0 28.0 0.0
093 52.0 28.0 -0.0
094 51.0 26.0 0.0
095 53.0 27.0 0.0
096 59.0 24.0 -0.0
097 52.0 33.0 -0.0
098 63.0 32.0 0.0
099 62.0 27.0 -0.0
100 53.0 33.0 0.0
101 62.0 31.0 0.0
102 55.0 28.0 -0.0
103 60.0 27.0 -0.0
104 55.0 26.0 0.0
105 47.0 26.0 0.0
106 53.0 27.0 0.0
107 61.0 28.0 0.0
108 53.0 20.0 0.0
109 57.0 29.0 0.0
110 59.0 32.0 0.0
111 61.0 29.0 0.0
112 59.0 29.0 0.0
113 56.0 38.0 -1.0
114 56.0 26.0 -0.0
115 64.0 27.0 0.0
116 65.0 36.0 -1.0
117 69.0 37.0 -0.0
118 67.0 37.0 -0.0
119 66.0 40.0 -1.0
120 63.0 44.0 6.0
121 62.0 36.0 5.0
122 61.0 33.0 14.0
123 60.0 25.0 2.0
124 58.0 38.0 2.0
125 59.0 39.0 3.0
126 68.0 28.0 3.0
127 60.0 42.0 9.0
128 68.0 41.0 -0.0
129 76.0 45.0 5.0
130 69.0 50.0 12.0
131 70.0 44.0 9.0
132 64.0 38.0 10.0
133 74.0 46.0 13.0
134 75.0 44.0 10.0
135 81.0 49.0 9.0
136 67.0 40.0 3.0
137 68.0 45.0 0.0
138 71.0 39.0 -1.0
139 61.0 40.0 5.0
140 61.0 45.0 10.0
141 80.0 44.0 5.0
142 72.0 47.0 0.0
143 71.0 41.0 1.0
144 75.0 46.0 2.0
145 68.0 49.0 3.0
146 68.0 45.0 2.0
147 79.0 43.0 -1.0
148 78.0 43.0 2.0
149 81.0 47.0 0.0
150 63.0 43.0 1.0
151 73.0 46.0 -1.0
152 74.0 50.0 -2.0
153 81.0 43.0 0.0
154 72.0 48.0 -1.0
155 76.0 45.0 -1.0
156 65.0 49.0 2.0
157 82.0 39.0 -1.0
158 74.0 44.0 -1.0
159 70.0 51.0 2.0
160 82.0 46.0 -1.0
161 71.0 48.0 2.0
162 68.0 50.0 4.0
163 75.0 49.0 2.0
164 81.0 60.0 2.0
165 86.0 49.0 0.0
166 82.0 52.0 2.0
167 84.0 61.0 1.0
168 93.0 59.0 2.0
169 88.0 58.0 -0.0
170 87.0 57.0 3.0
171 80.0 66.0 2.0
172 83.0 64.0 2.0
173 84.0 67.0 2.0
174 83.0 56.0 0.0
175 89.0 59.0 1.0
176 83.0 63.0 2.0
177 88.0 58.0 1.0
178 89.0 67.0 0.0
179 92.0 64.0 0.0
180 88.0 56.0 0.0
181 83.0 65.0 0.0
182 103.0 102.0 0.0
183 91.0 67.0 2.0
184 89.0 66.0 4.0
185 87.0 64.0 2.0
186 87.0 66.0 -7.0
187 100.0 99.0 -3.0
188 90.0 59.0 4.0
189 86.0 73.0 12.0
190 86.0 67.0 1.0
191 85.0 62.0 3.0
192 92.0 63.0 7.0
193 86.0 66.0 3.0
194 88.0 63.0 8.0
195 90.0 63.0 8.0
196 84.0 65.0 14.0
197 93.0 67.0 7.0
198 83.0 66.0 6.0
199 100.0 99.0 2.0
200 93.0 63.0 7.0
201 98.0 65.0 0.0
202 95.0 65.0 9.0
203 92.0 63.0 3.0
204 95.0 66.0 1.0
205 91.0 67.0 -1.0
206 87.0 66.0 3.0
207 92.0 62.0 1.0
208 90.0 67.0 8.0
209 97.0 64.0 6.0
210 93.0 62.0 -0.0
211 93.0 60.0 1.0
212 91.0 68.0 -0.0
213 90.0 62.0 5.0
214 96.0 63.0 -1.0
215 90.0 63.0 3.0
216 92.0 62.0 2.0
217 95.0 65.0 1.0
218 82.0 55.0 4.0
219 87.0 63.0 11.0
220 90.0 62.0 -2.0
221 88.0 63.0 6.0
222 86.0 62.0 6.0
223 93.0 63.0 2.0
224 89.0 60.0 3.0
225 100.0 99.0 -4.0
226 90.0 65.0 -1.0
227 92.0 60.0 -1.0
228 93.0 65.0 1.0
229 91.0 60.0 1.0
230 91.0 59.0 3.0
231 84.0 69.0 1.0
232 91.0 58.0 -0.0
233 93.0 62.0 2.0
234 98.0 62.0 -2.0
235 92.0 59.0 -0.0
236 92.0 55.0 -0.0
237 86.0 57.0 1.0
238 89.0 55.0 2.0
239 86.0 58.0 3.0
240 92.0 65.0 -0.0
241 93.0 62.0 1.0
242 94.0 53.0 -0.0
243 84.0 61.0 -0.0
244 90.0 58.0 -1.0
245 84.0 60.0 1.0
246 84.0 56.0 1.0
247 91.0 57.0 0.0
248 92.0 54.0 -0.0
249 92.0 53.0 0.0
250 90.0 52.0 0.0
251 95.0 56.0 0.0
252 95.0 52.0 0.0
253 96.0 56.0 0.0
254 95.0 56.0 1.0
255 88.0 54.0 1.0
256 85.0 61.0 -0.0
257 88.0 58.0 1.0
258 91.0 52.0 -0.0
259 89.0 54.0 2.0
260 86.0 50.0 2.0
261 85.0 52.0 -1.0
262 84.0 60.0 2.0
263 83.0 52.0 2.0
264 86.0 59.0 2.0
265 86.0 52.0 4.0
266 81.0 51.0 2.0
267 77.0 52.0 3.0
268 84.0 58.0 1.0
269 91.0 57.0 4.0
270 81.0 43.0 -1.0
271 71.0 50.0 3.0
272 78.0 49.0 -1.0
273 79.0 48.0 2.0
274 76.0 43.0 1.0
275 89.0 54.0 2.0
276 83.0 53.0 2.0
277 82.0 47.0 4.0
278 75.0 49.0 1.0
279 76.0 46.0 1.0
280 74.0 43.0 1.0
281 73.0 46.0 0.0
282 81.0 49.0 -1.0
283 76.0 42.0 2.0
284 77.0 44.0 -0.0
285 74.0 42.0 1.0
286 71.0 49.0 0.0
287 89.0 40.0 1.0
288 66.0 43.0 1.0
289 78.0 43.0 1.0
290 68.0 46.0 1.0
291 72.0 46.0 0.0
292 69.0 39.0 1.0
293 71.0 31.0 0.0
294 63.0 26.0 -0.0
295 58.0 34.0 0.0
296 70.0 31.0 3.0
297 68.0 37.0 1.0
298 67.0 34.0 2.0
299 68.0 33.0 2.0
300 62.0 40.0 0.0
301 63.0 33.0 0.0
302 58.0 34.0 0.0
303 70.0 36.0 0.0
304 68.0 30.0 0.0
305 77.0 26.0 0.0
306 51.0 33.0 0.0
307 68.0 33.0 -0.0
308 75.0 29.0 0.0
309 57.0 32.0 -1.0
310 56.0 34.0 0.0
311 70.0 34.0 1.0
312 70.0 38.0 1.0
313 55.0 31.0 -0.0
314 70.0 38.0 1.0
315 69.0 34.0 0.0
316 52.0 26.0 1.0
317 57.0 33.0 0.0
318 50.0 31.0 1.0
319 48.0 31.0 1.0
320 51.0 32.0 -0.0
321 55.0 14.0 0.0
322 58.0 21.0 0.0
323 42.0 29.0 0.0
324 56.0 14.0 1.0
325 51.0 21.0 -1.0
326 41.0 40.0 -0.0
327 41.0 13.0 0.0
328 39.0 23.0 0.0
329 55.0 54.0 0.0
330 47.0 22.0 0.0
331 54.0 25.0 0.0
332 52.0 18.0 0.0
333 47.0 18.0 0.0
334 44.0 15.0 0.0
335 48.0 13.0 -0.0
336 40.0 17.0 0.0
337 41.0 13.0 0.0
338 43.0 22.0 0.0
339 44.0 12.0 0.0
340 43.0 11.0 0.0
341 44.0 15.0 0.0
342 57.0 18.0 0.0
343 51.0 14.0 0.0
344 49.0 19.0 0.0
345 47.0 14.0 0.0
346 45.0 19.0 0.0
347 44.0 16.0 1.0
348 45.0 17.0 -2.0
349 41.0 19.0 -0.0
350 44.0 15.0 1.0
351 37.0 19.0 1.0
352 44.0 13.0 -1.0
353 42.0 10.0 1.0
354 41.0 13.0 1.0
355 40.0 14.0 1.0
356 42.0 17.0 2.0
357 21.0 15.0 1.0
358 29.0 14.0 1.0
359 35.0 34.0 -0.0
360 44.0 43.0 -1.0
361 22.0 21.0 1.0
362 39.0 25.0 1.0
363 28.0 14.0 -1.0
364 26.0 10.0 2.0
365 38.0 20.0 0.0
