001 5.7 -10.7 0.0
002 17.834241072141598 -9.45842045685552 0.15004823657068656
003 19.792384595581144 -2.468140066532009 0.055020958521582286
004 38.54689196079533 -1.8174332158111732 0.054884753606225675
005 27.75875246182774 26.8 0.047919952798628374
006 31.002233509466016 -2.097489031335504 0.005315244345884644
007 -4.5327112559558635 -5.5 0.03775933486400413
008 29.835812755484792 2.957320380287796 0.13325262552251937
009 30.327054730182255 -4.4397855697998185 0.021342852402336743
010 37.990848292510435 -1.2611698810308463 0.23182094784019389
011 29.087526983505622 28.1 0.3211990063023255
012 30.436745128839622 3.686936531527998 0.2095955303866909
013 34.966656934271484 2.8616471047773837 0.5344611215010664
014 31.99697121762031 15.81299021807003 0.21028699231093978
015 34.0916566758648 33.1 -0.5408265732557812
016 24.82313339846747 12.852525700010698 0.09060478791029809
017 41.403770687567985 4.654377286453359 -0.10865100696817614
018 42.572127558450674 13.588582749774021 0.11397793917560319
019 42.92253812402494 22.900921585266932 0.12024014706600224
020 34.59236107024938 3.4735279277793687 0.08301953353065764
021 22.765059518936365 13.37167002138403 0.06272964619659864
022 56.8944211047241 13.409718158800988 0.14986736388193905
023 32.85329994510573 17.175454348845115 0.6868442663150622
024 44.44737819074878 19.765319400921292 0.33326565421484966
025 36.920488692864886 13.079198282673886 -0.2138182122394675
026 44.084610175642034 21.352284927672795 0.6423506979866407
027 48.96684509726157 16.936744134519195 0.2599234470539997
028 37.773303824732565 17.983531795990146 -0.06075716854361515
029 36.388915311612585 22.466499375773804 -0.008670069842171557
030 47.30107579544093 18.44288533768589 0.0481076803055089
031 32.68378714963923 23.702770305063723 -0.002919949037228295
032 47.374488427188055 11.962236041020848 0.26783778007806003
033 42.84540358257843 15.936905278931894 0.30580286397299594
034 35.71740701662384 13.088615975392006 -0.3380270952102662
035 46.28949715063362 22.40961149903368 0.060004752487296975
036 40.78155121714483 21.86673821926598 0.32023550511247245
037 44.27344554509817 14.458104264299319 0.06815748304657807
038 52.857191509726505 21.484975789740407 -0.16246376845920693
039 42.07495028464348 14.535115859526957 0.1670306727662192
040 36.42902123913452 12.79254229350202 0.009135172836260017
041 48.91061252011392 31.175961642528414 0.1618558022048351
042 54.07702962255731 10.116020954443242 0.06213905607835032
043 38.45009362853021 22.884079345256605 0.13078796743993515
044 51.30538578464391 18.962853828713087 -0.05355331964115152
045 44.812650324351836 20.109829660248078 0.09559935268924344
046 59.33675763579643 18.84906604837277 0.0
047 43.98581005871784 15.445772483343521 0.0
048 54.89419252152286 16.597112223934136 0.0
049 45.23252149929336 13.044982990640438 0.0
050 45.02937967970917 13.642774715434253 0.0
051 42.17871352903297 12.665550192804389 0.0
052 51.256445816175855 15.057515871766821 0.0
053 42.90195106712405 27.944716208140804 0.0
054 48.526153729549975 31.672251164485075 0.0
055 30.30309121022169 17.77807133456328 0.0
056 37.70610096705838 13.79310265369633 0.0
057 36.770937538026416 11.046427187675697 0.0
058 36.255248821346534 24.216051899314273 0.0
059 42.21891184024418 12.086374233705895 0.0
060 48.902207908198974 47.9 0.0
061 19.430351304934327 18.4 0.0
062 36.86780807570036 35.9 0.0
063 35.62276756723044 15.711850710442633 0.0
064 53.85783568854398 17.723678181868408 0.0
065 31.80753906796653 16.54784006520558 0.0
066 49.52115725761434 25.929753639928613 -0.31245454070897216
067 45.5558902587886 16.95089457518023 0.10928955028761389
068 28.55193452325001 20.01943527793839 -0.575288675568169
069 33.70469836833326 17.151480299018303 0.04557808203397387
070 17.738041796836242 10.966087009244537 0.19033329126981627
071 38.517781151730226 13.295945800516439 0.9335287910314242
072 22.92915230654659 16.037335326350203 -0.12606335228645846
073 51.52980052854576 12.399414382573676 0.5567285139496869
074 56.91753721163945 19.53646880574125 0.1346500164044223
075 57.592630978434144 10.509928664904356 0.5815041477021633
076 34.79948933308371 20.668057282573173 -0.1392684865460189
077 36.832852838997574 14.930184418615408 0.44239215816139865
078 56.833941077562805 18.14268167708234 0.3877269836717194
079 35.06504030374154 22.30306488257506 0.372115573968236
080 50.49485560400361 17.758688430744076 0.5178403813780506
081 50.782849049979525 22.001329094241594 -0.06454255594146346
082 43.8097999427145 19.095093528582673 0.8602242376149991
083 61.17729080504905 16.69068927391273 0.7426210417181957
084 48.99546400483287 16.43929998635621 0.017632774328355416
085 58.68169167455333 26.178039814060913 0.4916729045171342
086 53.098662868875394 22.741793924761165 0.07230012798289452
087 44.76940232053883 19.702430441880537 0.28226792570971293
088 61.012095413642236 28.719965475009026 -0.021231613466924065
089 54.87936145808549 25.354557186359568 -0.08953582646362854
090 59.8127557863422 23.49569145411115 0.2831829802417889
091 58.64595484947359 25.123764278356525 -0.04774373668433182
092 48.40038147527947 28.421986776645785 0.07758635780634106
093 55.61573995476119 30.436453659003167 -0.09518163371059077
094 53.399981434630305 27.574805501797428 -0.12027674709186739
095 55.386957375179016 30.81987799429299 0.15658169565907187
096 52.68176893970586 28.00155835856505 0.21019210734672905
097 58.873971671997296 25.32277079347587 0.028121593530665054
098 58.140898462046266 29.523592367744435 0.07668455366912451
099 51.30790167760059 28.173945959790927 -0.12946773642198808
100 60.44584575048711 25.41191739499306 0.08656893354235742
101 52.78052477019061 30.35839649613858 0.12838200995668775
102 54.76342495640618 27.385747793907917 0.025914603574292285
103 57.25370965971899 29.027292443797947 0.14395873709632026
104 58.33588892442258 31.822298978249936 0.04997004678206732
105 54.903805494222546 29.224398442542128 0.09029370573778098
106 59.988584809469366 28.5887759971304 0.011608142333668777
107 58.75573453511532 29.746649541440412 0.043808348966779764
108 57.69362702459235 32.11746514691141 -0.025424596568715367
109 55.499236348962974 28.00759494777587 -0.038134984634512877
110 55.86991011014914 25.848588962784003 0.0
111 58.31271057807226 29.129661200524787 0.0
112 65.41575452480942 31.44143207204963 0.0
113 55.45405601184002 31.816939967877374 0.7861289139662735
114 57.21495667530486 37.94119414204724 0.25731516981220554
115 60.971681812839364 26.76636467144023 0.5488060865377027
116 74.01349442308374 35.24315335152711 1.1312142130999332
117 69.3009483750351 43.586226764662364 0.43459536089876544
118 66.56225903322418 31.464105180762278 0.41293917795514745
119 63.3130834979511 29.15883111662415 1.6212933573023134
120 60.980872168921536 37.74037678827614 0.7433177291371018
121 63.52987824538812 39.088099559594916 3.718050278441182
122 65.19932762279275 27.29204839130832 -0.8450569874734768
123 71.59154079068118 43.71835336274656 0.9142987269648168
124 70.9629952498706 38.88836155982248 3.6142702234195743
125 69.10302459416326 36.01939079584847 0.12316585204697184
126 56.29494645579713 40.242106329183976 8.050971252137712
127 72.9115307610353 38.48664449656387 7.307295190078696
128 68.68690809124931 39.180501726351785 6.996478923620844
129 70.89981443808907 30.675092243503812 5.580579625672595
130 64.02003162791965 37.615773322265404 -2.101036470714506
131 65.61270128880135 42.234780440155625 6.417236801507494
132 65.42603287841318 37.28652876219757 -4.046400112503475
133 67.49708965987543 45.99813342018004 7.850133199304558
134 64.20356145488998 44.63097359160425 5.309682773714871
135 74.1021280236012 48.433345376693886 -3.2823910302168677
136 76.17423668726468 48.43522377508911 9.227381561864293
137 73.70352764912141 43.69446457496659 -2.2823229087352157
138 76.86723807126137 40.289955922308245 -0.7983552019994535
139 77.74654516295726 45.34347360420099 0.744325711744084
140 75.05258337245358 49.227073747516016 0.9043074704819134
141 63.53400302831492 44.13942631314355 -0.8247842253221855
142 64.51390182642133 41.99965263550524 2.832358144198451
143 73.94284285609623 46.14000822059206 1.2928682895229158
144 80.26080084153679 44.74536368925104 0.3209277492308089
145 64.93751555932849 40.86240538939399 2.6707338944535657
146 82.79789052720035 52.72331576809601 -0.5205504447008531
147 68.3797431615269 45.52209561607779 0.2693590050757128
148 70.58889726824829 41.75664635218513 0.9785446934547968
149 71.17116977070239 41.25013883729129 0.9057875608026915
150 80.73836233838634 43.13530787232467 -0.36022127568397466
151 71.5058800320805 51.04586106803522 3.351829625184679
152 76.62229271898579 48.93116799072971 0.12146736551597026
153 65.59513031405272 40.797690216454 -0.8633746549008028
154 77.16250514038933 41.23087055031003 2.613680874888346
155 74.04641492600247 46.05585003816835 -2.505161161648326
156 77.5340452342522 46.226090941217265 0.6145355262836727
157 68.98520921408537 43.736582509103684 3.653474339935756
158 75.6483212845935 40.35497721912814 3.562004799984531
159 84.71329043063677 49.68385501872429 4.598946173343387
160 79.4679505295888 40.705019388239975 2.6262513066309694
161 84.84797546785117 50.34612986187365 2.0968705023027336
162 74.10508328348155 49.25428243014598 1.189361726958455
163 77.4047902348756 47.95638461252199 2.37062059516862
164 78.51563912978543 53.752967880404036 -0.40065376480449866
165 80.29019453751 55.570631197965476 1.5869547597885585
166 77.12716217697772 54.60592566023023 1.0676061161866672
167 88.08450331755053 50.07656193601865 1.3388902268132767
168 79.01971145522239 56.2872839098834 3.626089972042485
169 75.90847224000764 55.502442926035364 -0.5096635752306266
170 77.38614132193354 60.95554359775599 1.1608756347724343
171 84.47495085971181 60.172554989960716 0.5615649854542937
172 82.00240836774437 57.87349100246192 -0.2569477793077761
173 94.12291614016458 57.487952147786956 1.6572903380227637
174 94.42511398134614 59.10398496318345 -0.8244125524059926
175 88.6428003807009 60.46507444066761 -0.059332056508172415
176 87.78508831947644 63.16063671856069 0.9834860205371325
177 86.6818814367918 53.85012787770098 1.8584512241980264
178 87.06258012417653 55.22403273905421 0.04962028086203603
179 92.29740294889046 57.78922132137291 0.03363145526523371
180 85.3651547953999 67.87631076562154 0.012919868081048355
181 97.73824429327277 65.37025678019684 0.01694010977961316
182 93.16950464481148 56.696670539100225 0.04908911689184969
183 92.51965554609572 56.68582585796799 -2.557665360074525
184 88.74850956779423 59.88143246561235 -4.4740525101799
185 91.46807749366948 67.73235301883129 -1.3723145893713973
186 90.08728983963611 65.5081090356287 0.8914006072530758
187 81.95060453816293 72.84380910330272 8.352454906325224
188 87.64791787366475 61.68755938063605 5.338563441761485
189 90.94595891806098 61.71257164684534 4.88066313523396
190 91.65476526561245 55.748756939583686 -2.815720440489163
191 83.10545383234825 59.842283547881124 4.172129880844856
192 92.83619208276593 66.85124134906255 4.833849778326967
193 85.40625357216592 60.50801559991521 2.2436756635411
194 87.77754220361632 62.03448445312811 5.632842894379641
195 97.15167528995407 57.639007018583335 -3.926734464425158
196 90.72499745154636 65.53225418516755 6.955219281273628
197 94.67914804121106 63.72287301742408 3.6775970655253647
198 92.69398740615442 59.6483944407537 5.920155668518996
199 93.52510587917644 67.89359540000015 3.732541480005426
200 91.63845794742753 65.52719950849003 6.661778019217175
201 88.36089228961585 66.08126275592535 10.595779267487337
202 91.43194053527517 64.26368882880446 6.897230823168643
203 93.2998622482738 64.4839992985338 6.0096954093349195
204 92.899679644262 64.59278234147051 4.979851308904688
205 93.3554707098212 69.26241576341674 5.579636065440351
206 92.83645743373202 68.02012735010793 5.512493076757529
207 95.64507353829055 63.645819769086756 2.0971374841596138
208 88.45008926443676 67.18162074699192 -2.442102087978631
209 94.66003695153294 65.7845125529632 5.529434593358277
210 83.72337353943574 59.56028439120271 -2.4778217530839264
211 90.74373815231687 61.953860810079775 -0.131765272723408
212 93.79193178855594 65.16722391256013 6.342775731392217
213 87.67638349447368 67.77161582238756 2.085378084676937
214 94.24807518599772 63.84332960906624 2.1117987256210466
215 91.87421519095673 63.67998826718361 3.163375229533929
216 83.361803505545 63.03435293210827 6.586634163387036
217 85.05904325243368 61.31032481327951 2.4026834022911925
218 91.08764904671845 64.02322751567867 7.9805753612282455
219 93.16799781286535 63.14603075117963 7.2513362969224096
220 84.16822032076338 62.306175823671765 4.490437004623625
221 87.44815593907703 61.36102259917179 -0.4303358014020575
222 90.0382773203597 62.34217119137132 -1.3288346047800625
223 92.08266288929987 62.847251623865965 5.792038132766427
224 89.80468886944944 63.43203851185066 4.662026314019865
225 83.7188287271806 60.8362130617409 0.9850329340724413
226 84.40768023416683 60.750976615731226 1.4964502113731528
227 93.8622007131948 64.05584477948307 -2.075766715808147
228 89.68265788320632 65.03073537382454 -0.6013486437237527
229 93.24384114738375 59.40009975581727 3.8986159281411954
230 89.44521962841677 63.99954184798648 -0.6252531802513923
231 85.60091614504881 60.588876767497375 0.6640492577433773
232 83.40404547928658 59.443836580759466 -0.5051485745256739
233 87.00420056426009 53.12719829593333 -0.5502787668318374
234 86.56145008454405 66.79087028226795 0.25778938735183776
235 87.18230005303187 63.89931323954208 0.9180846002761256
236 89.55063582433537 54.934730631602974 -1.8542279948764713
237 84.77159494395585 57.87816466349543 1.7021322613267338
238 89.3675743832643 54.44140139141964 1.5472821049846646
239 89.05035566209013 58.83370939545935 0.2833647439858866
240 92.57578534343206 60.787456355252345 3.713475264989367
241 88.3597022413591 57.4167802636769 1.6036579609812502
242 92.92830019632486 61.12095145092589 1.1390414116572807
243 89.59442972995325 59.41037130729272 0.0813708865277818
244 86.61332585973929 57.90081355957413 0.7407477648718849
245 88.18939728134302 61.42940983483936 0.06184904362447674
246 84.9035797799317 63.498489981393845 1.4427593380556027
247 88.11599025721159 55.33825582878408 -0.04028067849228026
248 85.19292812089259 53.156589747316744 0.1191663575696852
249 86.84316128275998 59.62929594778817 0.05550752760696038
250 90.98681560150497 55.93593648669598 0.2601269611852793
251 95.72755912378284 59.138840572283456 0.08091590569732549
252 91.36834774468134 55.04257499861414 0.032865945428368994
253 84.4833547157372 57.76828283593388 0.04879870542899717
254 86.16071608986039 54.570032780268946 0.12805702439319144
255 83.18640184045574 52.174085900374635 1.233560397136852
256 81.48815552788294 54.92706762640012 0.2457131343713007
257 86.4113590790897 55.20736479863074 -0.34302866907132146
258 84.45815801612206 50.20791497830269 0.88998028447157
259 93.76851842830764 47.359085962246915 1.3132092830062807
260 86.86295560920793 55.183435063137416 -0.12777910288816252
261 77.69996837566204 46.43881077566253 2.599064781813159
262 83.6353447856222 58.15102118687185 3.08742199069058
263 90.10296801283731 55.82209373619407 -0.11922911666502278
264 91.5475202364001 55.20411484320544 0.6336458214323801
265 90.38393286607293 53.91477543643926 -2.145229068149166
266 95.5152266065275 50.16913406395462 1.6558093640315583
267 82.85209159231346 50.78327192801911 0.9293895634424688
268 86.89267906330113 49.42832044202284 0.709081108272255
269 86.5967478216579 49.86209921782296 -1.1977587251989217
270 84.61296968283017 41.84172351888253 1.2789877301029375
271 85.81385248633498 50.416996526766006 2.1010044862267865
272 82.16807335004255 48.87931734829886 -2.5512794359517836
273 84.72667079157232 53.76544952906364 -1.4681043163136267
274 77.22366887211608 55.61963695887407 -3.466001339578119
275 86.1815133744365 51.726333346649184 -0.13874952187046863
276 86.91612161860432 46.948218694039575 1.741584203407843
277 75.53445297923591 45.27135584141663 -0.30672653010119033
278 70.03083675939529 55.4041406449431 5.378287674739995
279 72.55807312551248 48.311293198346284 0.6134966148660848
280 75.42543659072072 48.908435089913745 -0.5130510383101693
281 76.43120616485177 44.48487449498035 0.783532747662741
282 75.54204799414866 46.14931020373406 0.8793088922299849
283 69.78987456169534 44.08353004723961 0.020484768440772627
284 74.79382755964886 46.782457373588244 -0.13946803932023122
285 73.55420280484687 45.35329404491256 2.321243955916016
286 74.37190423244147 44.677350759246 3.672731609158463
287 64.60384579252046 42.264628446371546 2.2341282348508145
288 81.07444509118129 38.4872975648669 -1.1842236846867749
289 73.27154009132717 42.591006497051055 0.6402124106799224
290 62.447433256392344 43.68799650075112 0.7901218818811325
291 73.70678090848811 37.90756316251772 0.4111773551121874
292 68.95927125851414 36.12251578429222 2.265986190509453
293 69.77700608180366 38.21902930453959 -0.6286983795235981
294 65.00349121442633 33.70881408744042 2.101355098695082
295 63.13808193659969 39.237758871053344 0.7544583930879564
296 66.14587192840995 34.837379115910764 0.8950595479124683
297 63.928789102981874 32.0897668074203 1.321675020895921
298 62.00355628820334 32.081565409230095 -0.4557151932155168
299 65.31323453599855 36.262191988582316 0.33910341416873047
300 64.84422308227215 30.80319897967909 0.033827618812623556
301 59.005700976224915 33.82097771370846 0.02660807907104909
302 72.18380327240857 30.35035150024118 -0.01544777300380757
303 58.03867665806433 38.34433477830064 -0.009609622847420056
304 72.23044390505117 33.81898763906614 -0.015636616033826222
305 69.41222416278974 37.3140113511606 0.017927842592414603
306 62.25466945673846 37.90869593078679 0.004805844473642063
307 63.08978565191746 29.47783631469269 -0.09113206496341096
308 67.51966266769219 31.164541715029547 -1.4442315087683264
309 62.007639986053626 32.09584877189243 -0.1771999224784634
310 55.03598099142174 39.2382282868294 1.0569949103047593
311 65.27903955747271 32.0071983161261 0.024539307367536678
312 56.47172851852621 31.333985653533677 0.025492907847748436
313 52.35669258676617 36.15328565373503 0.6935629851831067
314 53.46748473400394 27.753839606207723 -0.5314745573531436
315 55.94099545113055 34.64716204444755 0.6961061483736293
316 62.801033625010305 21.679848772736236 1.0743029283586016
317 58.600716059746055 25.97520579776572 0.1282372730673486
318 55.290239471028535 39.304365154899166 0.28117867357923704
319 44.8340140292415 23.45927675612092 0.19673274866288312
320 53.150950669972545 20.436565471333395 0.27146936412113265
321 49.214286380832405 31.919479506255684 -0.013169303495097373
322 43.3462213861977 19.276708751905147 -0.3422145684241597
323 50.24912920106641 17.58706274689221 0.5890768261239882
324 39.43370201784052 11.980738163453946 0.2678681481618415
325 42.14974107140628 25.96963367074903 -0.06874094828333466
326 54.709431320273694 21.92008423140167 0.5261320026686946
327 48.47630211242294 20.045195442313855 -0.05909096168230127
328 48.3926551571242 28.777446729390117 0.0
329 42.248329674370794 24.843983061448423 0.0
330 44.63331957650626 32.19215428305872 0.0
331 47.08953306762304 19.966203989353275 0.0
332 38.94216263997654 13.685413076810036 0.0
333 57.43824747052412 17.738670526760245 0.0
334 50.57562278874884 20.746140935621355 -0.021206735947854334
335 49.13609636387802 48.1 0.11473002544283697
336 45.98187088905824 15.790032586269827 0.12549860495385753
337 36.67067570331686 17.4585081469857 0.1654399541975015
338 36.22067736759776 11.517143802907178 0.056028071474999316
339 47.350233668049526 11.343941955775348 0.08515093175525545
340 41.7057267285749 19.11171169102374 0.037150573986004354
341 40.855666636643925 11.857889567581037 0.10166635020406899
342 42.50718624920461 15.241642000286827 0.05518003766228114
343 46.85378809922205 19.32110818969685 0.1330760871573966
344 55.7538316893776 19.64228781683872 0.22488013847815397
345 35.635141245763755 19.39697846082399 -0.05552334815165737
346 50.41091173419785 16.465018221334102 -0.019857233153605477
347 47.474300990194855 12.554298684431432 1.2948432200561761
348 43.901582346064934 18.46255082147365 -1.044507370672449
349 44.02370872556506 14.639566306249117 1.4388088535170156
350 44.833837441359336 14.058287283245072 0.6518763211725032
351 25.45048372613332 10.171717166077332 0.42699386514142496
352 32.92042484236007 18.8738801297988 1.0506479876496742
353 39.99782207007087 10.226247386777498 0.08698724561840504
354 39.278093635645305 10.54604615772502 1.6545729170658252
355 44.046382286421064 24.97066730126535 1.3039976090139125
356 25.150278453506033 16.2452601374876 1.3302526343394538
357 31.281049799549255 18.146383879239686 1.128798776659979
358 32.970586526190516 10.101960429804336 0.2638395694431832
359 36.28603260812479 2.7561630267925397 0.05442411253816587
360 29.251845029350935 28.3 -0.891733563768492
361 29.317506695837803 18.560198640812906 0.8385488710044235
362 20.41112274970304 19.4 0.01139802868084383
363 26.152677066057922 18.97367357298382 0.6248678001265645
364 41.87517065123351 10.982863127328885 -0.24583268801134645
365 36.75470663436233 35.8 -1.1163053132868204
