001 35.4 33.6 0.0
002 34.0 30.3 0.0
003 35.6 25.2 0.38
004 32.1 17.8 0.14
005 29.1 26.7 0.37
006 31.3 25.7 1.21
007 32.3 22.7 2.11
008 31.9 12.4 1.7
009 31.2 18.7 0.04
010 33.8 18.7 1.23
011 27.8 17.7 0.66
012 34.1 15.5 0.74
013 35.6 12.7 0.59
014 32.2 21.4 0.04
015 32.1 17.8 0.96
016 33.0 14.8 0.23
017 34.8 17.7 0.79
018 34.9 17.9 0.78
019 36.7 16.7 1.12
020 33.9 17.4 1.09
021 31.3 10.5 1.52
022 33.5 16.4 1.16
023 32.3 10.8 0.03
024 34.5 33.5 0.9
025 33.6 19.7 1.17
026 34.9 13.6 0.35
027 28.6 20.0 0.31
028 34.9 21.0 0.43
029 32.9 21.6 0.59
030 32.0 16.0 0.08
031 16.7 15.7 0.28
032 33.4 32.4 0.04
033 35.9 34.9 0.12
034 20.7 19.7 0.3
035 28.3 20.4 0.38
036 24.4 10.0 0.69
037 32.9 17.6 0.72
038 32.2 10.2 0.3
039 27.6 26.6 0.24
040 42.6 41.6 0.03
041 20.9 10.7 0.02
042 32.4 12.7 0.09
043 31.1 30.1 0.01
044 30.6 29.6 0.03
045 36.8 10.1 0.07
046 43.8 14.3 0.03
047 31.4 11.0 0.05
048 30.0 14.3 0.01
049 33.9 18.8 0.04
050 36.7 22.2 0.03
051 39.7 19.9 0.0
052 34.2 20.0 0.0
053 39.1 17.7 0.0
054 38.5 10.1 0.0
055 31.0 14.0 0.0
056 37.9 24.4 0.08
057 38.3 23.1 0.0
058 31.4 10.7 0.01
059 34.8 14.4 0.02
060 44.8 15.3 0.01
061 37.8 21.4 0.04
062 39.2 12.8 0.07
063 40.6 13.4 0.01
064 39.8 27.0 0.0
065 31.4 23.3 0.03
066 39.4 31.9 0.01
067 28.3 21.1 0.04
068 42.0 12.8 0.35
069 31.4 28.2 0.65
070 41.6 26.2 0.17
071 24.3 23.3 0.48
072 36.3 19.7 0.67
073 40.4 27.2 0.62
074 40.0 27.0 0.38
075 47.5 23.5 1.57
076 42.6 22.7 0.58
077 50.6 19.8 0.02
078 49.6 23.3 0.51
079 43.4 24.7 0.38
080 40.7 24.6 1.34
081 42.0 23.6 0.42
082 47.9 21.7 0.81
083 41.6 20.8 0.69
084 45.2 21.4 1.32
085 31.7 21.1 0.23
086 51.5 24.0 0.3
087 49.9 21.4 0.91
088 44.4 22.4 0.93
089 42.1 23.0 0.38
090 48.6 17.8 0.51
091 47.9 19.1 0.15
092 51.3 24.5 1.07
093 54.5 13.8 0.3
094 48.2 19.8 0.43
095 30.0 17.6 0.05
096 44.1 16.7 0.06
097 58.3 22.1 0.06
098 57.6 24.8 0.0
099 45.9 20.3 0.07
100 47.6 20.8 0.12
101 44.1 14.3 0.1
102 55.1 21.9 0.06
103 64.4 25.3 0.15
104 64.9 25.8 0.15
105 60.6 33.1 0.14
106 56.7 25.3 0.31
107 61.5 25.8 0.01
108 64.4 37.7 0.13
109 58.1 39.7 0.38
110 65.3 28.2 0.01
111 72.6 27.3 0.13
112 60.8 37.3 0.17
113 73.6 36.3 0.0
114 71.4 20.4 0.1
115 65.1 29.5 0.04
116 65.9 39.5 0.26
117 70.0 29.9 0.09
118 76.3 37.7 0.08
119 72.2 34.0 0.13
120 67.9 36.0 0.06
121 53.8 31.8 0.07
122 66.3 35.4 0.01
123 56.3 34.6 0.26
124 68.8 28.7 1.9
125 57.6 26.9 4.66
126 60.1 32.2 1.34
127 63.1 37.0 2.85
128 64.4 31.7 2.15
129 67.3 43.4 6.17
130 69.1 42.4 0.22
131 69.4 35.9 3.82
132 66.2 36.3 9.6
133 63.8 36.2 1.47
134 64.0 39.2 12.0
135 66.7 45.0 0.57
136 66.2 36.3 5.47
137 64.5 52.3 5.34
138 75.1 43.1 8.39
139 69.8 50.0 0.39
140 65.0 38.2 6.99
141 78.3 52.8 4.52
142 76.9 52.1 5.03
143 72.1 50.2 9.55
144 71.9 48.8 9.01
145 72.3 53.2 0.19
146 63.4 52.6 13.02
147 70.6 51.1 5.73
148 68.2 51.9 4.55
149 72.7 50.6 10.85
150 72.8 54.4 4.38
151 68.3 53.3 6.15
152 73.1 56.5 5.1
153 73.0 49.1 6.28
154 73.0 53.1 4.58
155 75.4 47.6 6.05
156 73.7 49.2 5.38
157 76.6 53.2 3.97
158 72.3 54.3 4.13
159 78.7 54.8 5.14
160 78.6 58.0 3.31
161 78.1 55.8 10.3
162 78.9 59.2 10.21
163 76.0 57.5 0.58
164 76.4 57.7 7.29
165 75.8 53.9 4.57
166 74.3 55.9 6.65
167 75.5 54.5 0.76
168 76.6 53.0 2.86
169 81.6 52.1 4.53
170 75.1 54.5 1.94
171 79.4 59.8 6.72
172 81.4 52.6 0.19
173 81.1 53.7 9.9
174 81.0 54.9 1.71
175 77.3 52.5 7.28
176 83.8 52.2 7.13
177 81.0 53.8 7.4
178 80.5 54.9 0.16
179 81.7 57.7 2.24
180 83.5 52.4 2.15
181 81.8 53.8 3.15
182 81.2 57.8 6.12
183 82.9 53.8 4.63
184 85.1 55.7 1.72
185 80.9 60.5 0.22
186 74.9 58.3 2.67
187 80.6 60.3 6.08
188 79.0 57.8 3.28
189 74.4 67.6 3.86
190 83.6 60.5 4.18
191 76.2 61.1 3.22
192 79.3 63.8 6.51
193 79.3 55.1 4.54
194 82.0 55.7 5.46
195 77.8 56.1 1.58
196 76.0 58.5 4.23
197 77.7 56.9 4.13
198 82.1 65.2 1.6
199 84.5 61.8 5.69
200 77.4 66.3 0.36
201 78.7 54.5 5.39
202 85.3 61.0 5.35
203 74.1 65.0 5.13
204 74.7 62.1 6.06
205 80.6 58.3 2.12
206 80.4 66.3 6.42
207 91.2 66.1 8.79
208 90.3 61.3 1.03
209 83.2 62.7 1.06
210 86.8 65.0 7.02
211 89.6 62.6 2.63
212 83.6 64.1 5.36
213 86.0 65.9 2.23
214 83.2 65.1 1.87
215 89.9 63.2 2.83
216 86.1 64.0 0.89
217 90.2 64.1 0.97
218 85.7 62.7 1.3
219 87.0 62.2 7.23
220 86.6 62.9 4.64
221 89.6 64.3 6.05
222 84.8 60.3 0.27
223 85.1 66.1 0.47
224 79.3 65.8 0.11
225 86.7 60.1 1.9
226 88.4 58.3 7.33
227 83.3 57.7 5.93
228 81.5 57.7 2.57
229 85.6 68.7 7.11
230 78.3 63.4 6.43
231 85.6 56.2 0.33
232 84.6 58.8 0.73
233 83.2 63.3 4.69
234 85.6 58.8 7.0
235 86.3 61.3 3.6
236 91.2 67.2 1.38
237 86.3 59.6 6.07
238 79.7 58.2 0.1
239 94.4 64.3 0.13
240 78.6 57.4 0.13
241 86.1 62.2 0.0
242 84.3 63.9 0.0
243 96.2 60.6 0.0
244 97.4 61.8 0.0
245 83.2 64.2 0.0
246 96.5 60.2 0.0
247 90.8 68.1 0.0
248 93.9 65.5 0.0
249 99.8 63.0 0.0
250 88.6 57.4 0.0
251 98.3 62.1 0.0
252 97.8 52.4 0.0
253 91.9 58.4 6.85
254 79.8 65.2 1.81
255 87.4 59.4 2.75
256 80.5 54.7 2.59
257 89.7 56.0 12.82
258 93.9 56.0 2.93
259 83.2 57.5 4.43
260 91.6 55.4 0.59
261 94.1 51.4 4.5
262 93.7 49.5 6.75
263 78.4 54.1 4.32
264 85.3 49.3 6.53
265 75.1 52.9 4.59
266 77.3 51.8 2.3
267 79.2 48.4 1.78
268 78.9 44.7 3.27
269 76.2 47.5 0.81
270 75.7 49.9 0.73
271 77.7 48.5 2.23
272 74.8 46.3 5.14
273 77.4 49.8 1.5
274 81.5 48.9 2.32
275 83.3 46.4 1.65
276 81.6 46.7 1.48
277 75.7 49.6 2.91
278 82.1 53.3 0.73
279 83.7 44.2 0.68
280 79.6 43.7 0.34
281 83.6 56.2 0.85
282 72.4 49.6 1.41
283 72.1 45.2 0.58
284 75.2 40.5 0.58
285 72.5 46.7 0.9
286 74.1 51.2 0.66
287 73.7 41.4 1.69
288 72.4 49.9 1.2
289 77.7 39.3 0.68
290 79.6 38.2 1.6
291 73.9 46.2 0.13
292 54.1 39.5 0.65
293 61.9 43.3 1.03
294 74.9 41.5 0.22
295 77.1 38.7 0.92
296 78.0 37.9 0.82
297 67.9 37.6 1.14
298 70.8 34.7 1.67
299 69.0 38.4 1.27
300 53.0 36.1 0.76
301 58.4 35.8 1.59
302 58.6 39.5 0.01
303 57.7 28.6 0.46
304 47.1 26.3 2.08
305 64.3 33.8 0.5
306 51.7 27.4 0.31
307 54.4 27.4 0.11
308 65.7 30.0 0.63
309 47.2 26.9 0.3
310 54.2 30.7 0.72
311 59.1 36.1 0.34
312 58.1 32.9 0.55
313 51.2 19.2 0.32
314 59.7 29.2 0.55
315 49.9 28.1 0.66
316 56.3 22.4 0.02
317 48.8 31.3 0.15
318 55.5 21.5 0.18
319 61.1 17.2 0.04
320 55.8 22.2 0.14
321 58.3 33.2 0.12
322 57.8 25.3 0.05
323 63.8 30.9 0.02
324 60.2 32.4 0.3
325 57.9 34.0 0.05
326 58.7 29.1 0.24
327 59.3 28.0 0.29
328 61.8 29.2 0.17
329 60.7 24.3 0.02
330 61.6 23.3 0.25
331 66.3 21.7 0.02
332 41.8 20.7 1.17
333 46.2 22.2 0.11
334 46.2 30.9 0.29
335 47.4 27.1 0.33
336 59.7 16.9 0.08
337 50.4 22.1 0.29
338 65.1 20.0 0.32
339 46.8 24.6 0.2
340 49.7 22.1 0.75
341 57.7 29.3 0.51
342 51.8 22.6 0.82
343 34.8 27.2 0.25
344 40.2 22.4 0.46
345 45.7 18.8 0.19
346 45.5 16.5 0.59
347 34.1 21.7 0.75
348 39.2 25.1 0.62
349 50.2 15.2 0.91
350 46.2 26.9 0.09
351 47.0 20.0 0.0
352 51.0 22.5 0.22
353 42.8 15.9 0.01
354 49.4 20.9 0.07
355 41.9 23.9 0.07
356 48.2 22.2 0.2
357 48.9 19.9 0.05
358 54.0 22.9 0.96
359 57.8 23.3 0.7
360 41.9 22.6 1.46
361 52.1 24.0 0.19
362 42.4 23.0 0.38
363 48.5 19.3 1.5
364 42.4 24.2 0.41
365 46.6 20.5 0.53
