001 6.0 -11.0 0.0
002 22.0 -10.0 0.0
003 20.0 -5.0 0.0
004 31.0 30.0 0.0
005 25.0 -3.0 0.0
006 26.0 2.0 0.0
007 30.0 1.0 0.0
008 28.0 1.0 0.0
009 14.0 1.0 1.0
010 27.0 26.0 -0.0
011 31.0 11.0 0.0
012 36.0 35.0 0.0
013 32.0 31.0 0.0
014 38.0 14.0 0.0
015 31.0 10.0 0.0
016 28.0 2.0 -0.0
017 45.0 24.0 0.0
018 36.0 35.0 -0.0
019 39.0 38.0 0.0
020 47.0 18.0 0.0
021 39.0 17.0 0.0
022 50.0 12.0 0.0
023 28.0 18.0 0.0
024 49.0 11.0 0.0
025 38.0 13.0 0.0
026 38.0 24.0 0.0
027 49.0 14.0 0.0
028 43.0 23.0 0.0
029 45.0 27.0 0.0
030 41.0 15.0 0.0
031 41.0 14.0 0.0
032 49.0 20.0 0.0
033 33.0 20.0 0.0
034 33.0 12.0 0.0
035 32.0 13.0 0.0
036 36.0 11.0 0.0
037 39.0 18.0 0.0
038 52.0 21.0 -0.0
039 41.0 11.0 -0.0
040 48.0 15.0 0.0
041 38.0 22.0 0.0
042 41.0 14.0 0.0
043 53.0 21.0 0.0
044 42.0 19.0 -0.0
045 43.0 14.0 0.0
046 39.0 17.0 0.0
047 55.0 18.0 0.0
048 55.0 22.0 0.0
049 38.0 16.0 0.0
050 48.0 12.0 0.0
051 48.0 16.0 0.0
052 46.0 13.0 0.0
053 41.0 13.0 0.0
054 52.0 26.0 0.0
055 50.0 49.0 0.0
056 57.0 2.0 0.0
057 59.0 17.0 0.0
058 44.0 25.0 0.0
059 40.0 10.0 0.0
060 52.0 14.0 0.0
061 43.0 15.0 0.0
062 40.0 20.0 0.0
063 36.0 16.0 0.0
064 36.0 -5.0 0.0
065 48.0 12.0 0.0
066 40.0 39.0 1.0
067 38.0 30.0 0.0
068 37.0 -4.0 0.0
069 60.0 13.0 0.0
070 30.0 3.0 -0.0
071 50.0 -6.0 0.0
072 36.0 16.0 -0.0
073 42.0 41.0 1.0
074 33.0 13.0 0.0
075 35.0 15.0 0.0
076 47.0 22.0 -0.0
077 47.0 20.0 0.0
078 65.0 18.0 1.0
079 67.0 25.0 -0.0
080 47.0 20.0 1.0
081 46.0 21.0 0.0
082 53.0 24.0 1.0
083 65.0 31.0 1.0
084 57.0 20.0 0.0
085 33.0 21.0 1.0
086 61.0 14.0 -0.0
087 57.0 20.0 0.0
088 49.0 23.0 0.0
089 65.0 26.0 0.0
090 60.0 28.0 -0.0
091 51.0 28.0 -0.0
092 63.0 33.0 0.0
093 60.0 29.0 0.0
094 48.0 31.0 -0.0
095 61.0 30.0 -0.0
096 54.0 30.0 0.0
097 53.0 31.0 -0.0
098 54.0 29.0 0.0
099 61.0 27.0 0.0
100 52.0 24.0 0.0
101 56.0 29.0 -0.0
102 63.0 30.0 -0.0
103 50.0 30.0 -0.0
104 63.0 26.0 -0.0
105 57.0 28.0 0.0
106 53.0 22.0 0.0
107 52.0 27.0 -0.0
108 56.0 30.0 0.0
109 57.0 26.0 0.0
110 55.0 30.0 0.0
111 62.0 24.0 0.0
112 48.0 35.0 0.0
113 52.0 28.0 -0.0
114 64.0 34.0 -0.0
115 66.0 24.0 0.0
116 58.0 35.0 -1.0
117 54.0 33.0 2.0
118 72.0 34.0 1.0
119 63.0 41.0 0.0
120 64.0 33.0 2.0
121 68.0 41.0 -2.0
122 61.0 33.0 1.0
123 68.0 23.0 5.0
124 61.0 31.0 -2.0
125 55.0 37.0 0.0
126 63.0 40.0 -10.0
127 62.0 44.0 2.0
128 73.0 39.0 2.0
129 73.0 37.0 1.0
130 64.0 46.0 1.0
131 75.0 43.0 14.0
132 65.0 38.0 1.0
133 66.0 40.0 -4.0
134 68.0 43.0 3.0
135 70.0 46.0 8.0
136 59.0 49.0 7.0
137 71.0 51.0 -3.0
138 73.0 48.0 6.0
139 87.0 47.0 4.0
140 76.0 44.0 6.0
141 71.0 52.0 7.0
142 81.0 45.0 2.0
143 66.0 39.0 3.0
144 79.0 43.0 2.0
145 81.0 39.0 4.0
146 76.0 50.0 1.0
147 68.0 46.0 1.0
148 72.0 41.0 2.0
149 69.0 44.0 2.0
150 72.0 40.0 2.0
151 74.0 42.0 2.0
152 72.0 49.0 0.0
153 77.0 49.0 1.0
154 76.0 42.0 1.0
155 72.0 47.0 1.0
156 78.0 40.0 1.0
157 78.0 39.0 2.0
158 68.0 45.0 0.0
159 73.0 47.0 2.0
160 79.0 48.0 2.0
161 77.0 51.0 1.0
162 74.0 48.0 1.0
163 79.0 48.0 1.0
164 82.0 57.0 1.0
165 79.0 57.0 0.0
166 86.0 56.0 2.0
167 80.0 57.0 3.0
168 80.0 52.0 -1.0
169 84.0 58.0 2.0
170 84.0 62.0 2.0
171 90.0 62.0 2.0
172 80.0 54.0 1.0
173 88.0 59.0 1.0
174 96.0 57.0 -1.0
175 88.0 61.0 -0.0
176 90.0 62.0 -1.0
177 88.0 64.0 -1.0
178 86.0 54.0 0.0
179 86.0 64.0 0.0
180 91.0 68.0 -0.0
181 97.0 62.0 0.0
182 92.0 67.0 0.0
183 96.0 67.0 3.0
184 96.0 59.0 -0.0
185 90.0 65.0 7.0
186 92.0 66.0 4.0
187 95.0 68.0 -2.0
188 92.0 65.0 4.0
189 94.0 67.0 7.0
190 90.0 68.0 0.0
191 89.0 60.0 -1.0
192 84.0 63.0 6.0
193 86.0 61.0 7.0
194 93.0 60.0 0.0
195 90.0 64.0 7.0
196 94.0 61.0 1.0
197 89.0 69.0 3.0
198 88.0 66.0 9.0
199 97.0 67.0 4.0
200 95.0 67.0 12.0
201 94.0 63.0 -2.0
202 93.0 65.0 5.0
203 96.0 62.0 1.0
204 89.0 67.0 6.0
205 93.0 69.0 6.0
206 91.0 67.0 3.0
207 97.0 65.0 1.0
208 89.0 65.0 9.0
209 92.0 61.0 5.0
210 99.0 65.0 7.0
211 90.0 62.0 1.0
212 91.0 61.0 3.0
213 92.0 62.0 2.0
214 96.0 64.0 3.0
215 94.0 64.0 -1.0
216 87.0 63.0 -2.0
217 94.0 61.0 2.0
218 89.0 63.0 4.0
219 86.0 63.0 -2.0
220 90.0 62.0 1.0
221 93.0 61.0 3.0
222 81.0 60.0 -2.0
223 82.0 66.0 5.0
224 86.0 61.0 3.0
225 89.0 64.0 -3.0
226 86.0 63.0 5.0
227 87.0 60.0 1.0
228 97.0 63.0 -1.0
229 86.0 62.0 0.0
230 94.0 59.0 1.0
231 83.0 60.0 -1.0
232 85.0 62.0 1.0
233 94.0 62.0 -1.0
234 86.0 56.0 1.0
235 86.0 60.0 1.0
236 84.0 56.0 -0.0
237 88.0 59.0 2.0
238 82.0 60.0 -1.0
239 91.0 60.0 4.0
240 85.0 63.0 2.0
241 92.0 54.0 0.0
242 90.0 59.0 2.0
243 79.0 56.0 3.0
244 86.0 59.0 1.0
245 89.0 58.0 3.0
246 84.0 57.0 2.0
247 90.0 60.0 0.0
248 88.0 62.0 0.0
249 87.0 53.0 0.0
250 87.0 59.0 0.0
251 92.0 55.0 -0.0
252 95.0 53.0 0.0
253 98.0 58.0 0.0
254 92.0 56.0 -1.0
255 94.0 48.0 0.0
256 94.0 53.0 -0.0
257 94.0 47.0 0.0
258 86.0 54.0 0.0
259 86.0 54.0 3.0
260 85.0 49.0 1.0
261 91.0 50.0 1.0
262 92.0 53.0 1.0
263 91.0 50.0 1.0
264 87.0 51.0 5.0
265 74.0 54.0 1.0
266 89.0 57.0 -2.0
267 73.0 55.0 -0.0
268 82.0 50.0 4.0
269 81.0 51.0 1.0
270 86.0 52.0 -2.0
271 79.0 50.0 4.0
272 72.0 53.0 5.0
273 92.0 50.0 3.0
274 81.0 58.0 1.0
275 92.0 47.0 2.0
276 82.0 51.0 3.0
277 77.0 51.0 -1.0
278 79.0 48.0 2.0
279 82.0 54.0 -1.0
280 79.0 49.0 1.0
281 75.0 50.0 -0.0
282 70.0 51.0 2.0
283 72.0 51.0 1.0
284 72.0 48.0 2.0
285 74.0 47.0 -0.0
286 75.0 44.0 1.0
287 75.0 44.0 2.0
288 75.0 43.0 0.0
289 71.0 36.0 1.0
290 70.0 37.0 1.0
291 66.0 44.0 1.0
292 65.0 36.0 2.0
293 74.0 32.0 1.0
294 73.0 41.0 0.0
295 66.0 42.0 0.0
296 60.0 32.0 1.0
297 65.0 30.0 2.0
298 57.0 40.0 1.0
299 69.0 36.0 -0.0
300 73.0 28.0 0.0
301 62.0 35.0 0.0
302 67.0 33.0 0.0
303 71.0 25.0 0.0
304 57.0 31.0 0.0
305 59.0 43.0 0.0
306 73.0 36.0 0.0
307 68.0 41.0 -0.0
308 67.0 34.0 -0.0
309 59.0 32.0 0.0
310 54.0 29.0 0.0
311 64.0 38.0 -0.0
312 58.0 41.0 0.0
313 57.0 36.0 1.0
314 51.0 33.0 -0.0
315 58.0 35.0 0.0
316 60.0 28.0 -0.0
317 54.0 37.0 -1.0
318 60.0 27.0 1.0
319 59.0 31.0 1.0
320 47.0 46.0 0.0
321 45.0 27.0 0.0
322 48.0 16.0 1.0
323 55.0 18.0 1.0
324 50.0 20.0 0.0
325 44.0 13.0 -0.0
326 42.0 10.0 0.0
327 49.0 21.0 -0.0
328 36.0 10.0 0.0
329 51.0 24.0 0.0
330 42.0 15.0 0.0
331 48.0 19.0 0.0
332 41.0 13.0 0.0
333 50.0 13.0 0.0
334 44.0 13.0 0.0
335 46.0 45.0 0.0
336 43.0 19.0 0.0
337 50.0 18.0 -0.0
338 38.0 17.0 0.0
339 49.0 14.0 0.0
340 44.0 11.0 -0.0
341 34.0 13.0 -0.0
342 48.0 16.0 -0.0
343 47.0 17.0 0.0
344 47.0 15.0 0.0
345 52.0 20.0 0.0
346 43.0 13.0 -0.0
347 45.0 20.0 -1.0
348 31.0 15.0 1.0
349 45.0 18.0 3.0
350 33.0 19.0 1.0
351 43.0 13.0 0.0
352 44.0 14.0 2.0
353 41.0 16.0 2.0
354 38.0 20.0 -1.0
355 47.0 17.0 -1.0
356 43.0 -3.0 -0.0
357 26.0 11.0 -1.0
358 49.0 11.0 -1.0
359 32.0 -1.0 2.0
360 27.0 10.0 1.0
361 25.0 24.0 0.0
362 23.0 16.0 -0.0
363 43.0 14.0 -0.0
364 34.0 33.0 1.0
365 25.0 16.0 1.0
