001 6.0 -11.0 0.0
002 18.0 -10.0 0.0
003 3.0 -4.0 0.0
004 24.0 23.0 0.0
005 32.0 2.0 0.0
006 27.0 -2.0 -0.0
007 18.0 17.0 -0.0
008 32.0 2.0 0.0
009 25.0 11.0 0.0
010 23.0 2.0 -0.0
011 32.0 13.0 0.0
012 32.0 -0.0 0.0
013 22.0 -1.0 -0.0
014 44.0 -1.0 0.0
015 37.0 20.0 0.0
016 37.0 19.0 0.0
017 30.0 16.0 0.0
018 22.0 16.0 0.0
019 48.0 17.0 0.0
020 17.0 16.0 0.0
021 43.0 10.0 -0.0
022 52.0 12.0 -0.0
023 44.0 22.0 0.0
024 42.0 41.0 0.0
025 48.0 17.0 -0.0
026 37.0 16.0 -1.0
027 38.0 16.0 0.0
028 39.0 17.0 0.0
029 53.0 20.0 0.0
030 47.0 31.0 -0.0
031 47.0 22.0 0.0
032 39.0 11.0 0.0
033 40.0 17.0 -0.0
034 38.0 12.0 -0.0
035 35.0 19.0 0.0
036 53.0 13.0 0.0
037 54.0 11.0 0.0
038 38.0 16.0 0.0
039 41.0 16.0 -0.0
040 49.0 13.0 0.0
041 36.0 21.0 0.0
042 43.0 20.0 -0.0
043 39.0 22.0 -0.0
044 33.0 12.0 0.0
045 45.0 14.0 -0.0
046 49.0 23.0 0.0
047 61.0 14.0 0.0
048 53.0 21.0 0.0
049 44.0 17.0 0.0
050 40.0 24.0 0.0
051 41.0 24.0 0.0
052 47.0 26.0 0.0
053 44.0 14.0 0.0
054 49.0 17.0 0.0
055 63.0 10.0 0.0
056 37.0 10.0 0.0
057 53.0 15.0 0.0
058 38.0 12.0 0.0
059 65.0 17.0 0.0
060 49.0 14.0 0.0
061 31.0 27.0 0.0
062 41.0 10.0 0.0
063 50.0 16.0 0.0
064 47.0 46.0 0.0
065 42.0 41.0 0.0
066 41.0 2.0 0.0
067 52.0 10.0 0.0
068 43.0 17.0 1.0
069 39.0 23.0 0.0
070 29.0 27.0 -0.0
071 37.0 11.0 0.0
072 40.0 10.0 0.0
073 48.0 1.0 -0.0
074 38.0 16.0 0.0
075 68.0 14.0 1.0
076 48.0 23.0 0.0
077 48.0 22.0 1.0
078 43.0 19.0 1.0
079 47.0 20.0 -0.0
080 45.0 21.0 0.0
081 44.0 24.0 -0.0
082 47.0 14.0 -1.0
083 56.0 19.0 1.0
084 53.0 16.0 -0.0
085 46.0 27.0 1.0
086 52.0 28.0 -0.0
087 61.0 29.0 -0.0
088 56.0 22.0 0.0
089 57.0 25.0 0.0
090 56.0 29.0 0.0
091 55.0 32.0 0.0
092 53.0 26.0 0.0
093 55.0 30.0 0.0
094 63.0 33.0 -0.0
095 53.0 36.0 0.0
096 58.0 26.0 0.0
097 55.0 31.0 -0.0
098 52.0 34.0 0.0
099 55.0 28.0 -0.0
100 53.0 28.0 0.0
101 59.0 25.0 -0.0
102 50.0 28.0 0.0
103 60.0 28.0 0.0
104 66.0 28.0 -0.0
105 56.0 29.0 0.0
106 52.0 27.0 -0.0
107 60.0 26.0 0.0
108 51.0 26.0 -0.0
109 54.0 36.0 0.0
110 56.0 29.0 0.0
111 55.0 29.0 0.0
112 61.0 34.0 0.0
113 67.0 36.0 0.0
114 57.0 35.0 0.0
115 55.0 32.0 -1.0
116 59.0 36.0 1.0
117 61.0 29.0 1.0
118 63.0 39.0 1.0
119 75.0 39.0 -2.0
120 59.0 38.0 -4.0
121 64.0 38.0 4.0
122 60.0 36.0 -4.0
123 67.0 40.0 3.0
124 67.0 40.0 1.0
125 58.0 36.0 2.0
126 72.0 41.0 1.0
127 70.0 35.0 -3.0
128 63.0 45.0 10.0
129 67.0 41.0 -9.0
130 69.0 46.0 8.0
131 65.0 47.0 11.0
132 66.0 39.0 -0.0
133 70.0 40.0 5.0
134 70.0 44.0 4.0
135 66.0 39.0 6.0
136 65.0 36.0 10.0
137 87.0 42.0 -3.0
138 86.0 46.0 3.0
139 70.0 43.0 4.0
140 69.0 37.0 -1.0
141 58.0 44.0 11.0
142 64.0 40.0 2.0
143 63.0 44.0 2.0
144 79.0 43.0 -1.0
145 72.0 40.0 -2.0
146 75.0 42.0 2.0
147 75.0 46.0 2.0
148 76.0 52.0 3.0
149 67.0 44.0 2.0
150 84.0 47.0 1.0
151 78.0 46.0 2.0
152 69.0 42.0 -1.0
153 87.0 51.0 1.0
154 76.0 49.0 -1.0
155 75.0 43.0 2.0
156 72.0 55.0 1.0
157 65.0 54.0 1.0
158 74.0 45.0 3.0
159 83.0 54.0 -1.0
160 66.0 54.0 -0.0
161 74.0 49.0 1.0
162 84.0 46.0 2.0
163 76.0 64.0 1.0
164 81.0 56.0 2.0
165 81.0 50.0 0.0
166 86.0 50.0 0.0
167 83.0 59.0 -0.0
168 88.0 48.0 -1.0
169 86.0 53.0 0.0
170 77.0 68.0 0.0
171 87.0 57.0 1.0
172 87.0 62.0 -1.0
173 86.0 64.0 1.0
174 90.0 64.0 1.0
175 90.0 65.0 2.0
176 94.0 71.0 1.0
177 89.0 60.0 -0.0
178 86.0 58.0 0.0
179 94.0 61.0 0.0
180 88.0 63.0 0.0
181 96.0 67.0 0.0
182 94.0 62.0 -0.0
183 90.0 69.0 0.0
184 87.0 59.0 1.0
185 87.0 57.0 -1.0
186 95.0 68.0 -1.0
187 93.0 61.0 -0.0
188 88.0 61.0 3.0
189 93.0 55.0 7.0
190 89.0 67.0 -1.0
191 92.0 58.0 -1.0
192 88.0 61.0 4.0
193 87.0 66.0 12.0
194 90.0 61.0 3.0
195 84.0 65.0 -1.0
196 94.0 63.0 1.0
197 91.0 62.0 3.0
198 94.0 66.0 3.0
199 90.0 70.0 5.0
200 85.0 68.0 10.0
201 99.0 61.0 7.0
202 93.0 66.0 2.0
203 97.0 63.0 -2.0
204 95.0 67.0 1.0
205 96.0 65.0 7.0
206 85.0 59.0 4.0
207 90.0 66.0 2.0
208 87.0 66.0 -0.0
209 89.0 62.0 4.0
210 97.0 65.0 2.0
211 91.0 66.0 -6.0
212 91.0 63.0 2.0
213 87.0 64.0 -3.0
214 85.0 66.0 1.0
215 96.0 63.0 6.0
216 86.0 61.0 2.0
217 83.0 66.0 6.0
218 87.0 65.0 5.0
219 83.0 66.0 5.0
220 81.0 61.0 -2.0
221 97.0 61.0 0.0
222 82.0 63.0 0.0
223 85.0 62.0 1.0
224 86.0 63.0 4.0
225 88.0 63.0 6.0
226 93.0 60.0 2.0
227 93.0 61.0 2.0
228 94.0 63.0 1.0
229 79.0 65.0 0.0
230 90.0 61.0 2.0
231 95.0 61.0 1.0
232 86.0 62.0 1.0
233 85.0 63.0 -1.0
234 95.0 60.0 1.0
235 88.0 63.0 -1.0
236 94.0 62.0 4.0
237 89.0 65.0 -0.0
238 88.0 62.0 1.0
239 98.0 56.0 -0.0
240 96.0 57.0 1.0
241 93.0 57.0 1.0
242 90.0 62.0 2.0
243 92.0 54.0 1.0
244 88.0 60.0 -2.0
245 87.0 63.0 1.0
246 96.0 60.0 2.0
247 88.0 55.0 -0.0
248 87.0 58.0 0.0
249 90.0 54.0 0.0
250 93.0 59.0 0.0
251 94.0 52.0 0.0
252 93.0 59.0 -0.0
253 97.0 57.0 -1.0
254 94.0 57.0 -0.0
255 98.0 49.0 1.0
256 89.0 58.0 1.0
257 93.0 55.0 0.0
258 85.0 54.0 1.0
259 91.0 55.0 2.0
260 87.0 51.0 4.0
261 87.0 56.0 3.0
262 93.0 50.0 2.0
263 92.0 59.0 0.0
264 85.0 59.0 -0.0
265 90.0 51.0 0.0
266 86.0 55.0 1.0
267 89.0 56.0 3.0
268 90.0 52.0 2.0
269 76.0 56.0 3.0
270 86.0 49.0 -2.0
271 80.0 52.0 0.0
272 79.0 44.0 3.0
273 93.0 49.0 2.0
274 88.0 44.0 2.0
275 80.0 51.0 -1.0
276 86.0 51.0 0.0
277 80.0 55.0 0.0
278 76.0 52.0 1.0
279 80.0 48.0 0.0
280 80.0 48.0 -0.0
281 66.0 43.0 0.0
282 71.0 46.0 2.0
283 80.0 45.0 1.0
284 90.0 41.0 1.0
285 81.0 51.0 0.0
286 77.0 38.0 1.0
287 77.0 38.0 2.0
288 68.0 38.0 0.0
289 68.0 43.0 -0.0
290 68.0 31.0 -1.0
291 69.0 35.0 0.0
292 71.0 42.0 2.0
293 69.0 34.0 1.0
294 67.0 37.0 4.0
295 68.0 35.0 -1.0
296 73.0 39.0 0.0
297 62.0 27.0 -1.0
298 68.0 40.0 1.0
299 77.0 35.0 -0.0
300 80.0 27.0 0.0
301 66.0 27.0 0.0
302 67.0 29.0 -0.0
303 53.0 36.0 0.0
304 59.0 33.0 0.0
305 57.0 27.0 0.0
306 65.0 36.0 -0.0
307 67.0 34.0 -0.0
308 59.0 31.0 1.0
309 64.0 33.0 1.0
310 59.0 35.0 1.0
311 75.0 43.0 0.0
312 60.0 33.0 1.0
313 73.0 36.0 -0.0
314 67.0 32.0 -0.0
315 57.0 26.0 0.0
316 49.0 36.0 0.0
317 57.0 21.0 -0.0
318 57.0 31.0 0.0
319 62.0 20.0 1.0
320 36.0 11.0 0.0
321 53.0 29.0 -0.0
322 40.0 37.0 0.0
323 40.0 11.0 0.0
324 44.0 18.0 1.0
325 51.0 32.0 -0.0
326 46.0 15.0 1.0
327 49.0 21.0 0.0
328 60.0 34.0 0.0
329 54.0 29.0 0.0
330 47.0 18.0 0.0
331 54.0 22.0 0.0
332 41.0 21.0 0.0
333 42.0 16.0 0.0
334 44.0 17.0 -0.0
335 50.0 17.0 0.0
336 45.0 16.0 0.0
337 46.0 23.0 0.0
338 47.0 15.0 -0.0
339 49.0 15.0 0.0
340 47.0 14.0 -0.0
341 58.0 12.0 -0.0
342 46.0 16.0 -0.0
343 44.0 11.0 -0.0
344 45.0 19.0 0.0
345 42.0 17.0 0.0
346 48.0 10.0 0.0
347 49.0 20.0 2.0
348 44.0 19.0 -0.0
349 38.0 16.0 2.0
350 39.0 21.0 -2.0
351 42.0 19.0 1.0
352 44.0 16.0 0.0
353 41.0 20.0 -0.0
354 42.0 12.0 -3.0
355 39.0 19.0 -1.0
356 35.0 34.0 1.0
357 33.0 20.0 -1.0
358 22.0 11.0 0.0
359 26.0 21.0 -0.0
360 33.0 10.0 -0.0
361 22.0 21.0 3.0
362 26.0 11.0 -0.0
363 32.0 31.0 2.0
364 43.0 42.0 2.0
365 32.0 -3.0 2.0
