001 35.4 33.6 0.0
002 33.9 29.6 0.0
003 32.2 25.7 0.17
004 32.2 19.0 0.49
005 31.6 23.4 0.01
006 32.0 16.0 0.09
007 27.6 14.4 1.29
008 31.7 10.5 2.48
009 32.5 18.6 0.74
010 32.9 12.6 1.21
011 32.5 17.3 0.11
012 29.4 23.1 0.43
013 34.4 12.4 0.04
014 31.4 20.2 0.12
015 31.4 21.7 1.21
016 34.1 16.6 0.36
017 30.8 20.8 0.17
018 32.9 17.6 1.41
019 33.8 12.3 0.0
020 33.2 20.1 0.42
021 33.5 19.4 1.23
022 32.4 15.4 1.77
023 34.9 19.7 0.84
024 31.6 22.2 0.06
025 36.6 11.7 0.11
026 35.1 18.5 0.31
027 32.9 10.3 0.04
028 31.5 17.5 0.39
029 33.7 20.1 0.38
030 32.9 15.6 0.01
031 27.7 10.9 0.21
032 20.5 19.5 0.09
033 37.5 16.2 0.5
034 21.1 15.3 0.42
035 26.4 1.6 0.26
036 20.5 19.5 0.28
037 30.1 29.1 0.0
038 26.1 13.7 0.01
039 21.9 15.7 0.09
040 24.8 23.8 0.24
041 32.6 18.8 0.07
042 21.8 20.8 0.01
043 22.6 21.6 0.0
044 27.2 13.2 0.04
045 28.1 16.6 0.06
046 31.9 12.8 0.0
047 41.5 11.9 0.02
048 28.7 12.0 0.0
049 34.3 15.2 0.0
050 36.6 20.9 0.02
051 41.8 24.2 0.02
052 40.2 16.2 0.0
053 40.3 25.0 0.0
054 37.9 23.2 0.0
055 32.3 17.0 0.0
056 31.4 1.7 0.08
057 38.2 37.2 0.04
058 32.8 12.4 0.01
059 28.2 21.2 0.0
060 37.2 18.1 0.03
061 33.8 32.8 0.01
062 33.7 23.3 0.0
063 31.7 19.7 0.06
064 44.6 14.9 0.01
065 36.0 23.9 0.05
066 37.6 28.3 0.05
067 31.4 16.7 0.02
068 39.4 21.7 1.01
069 35.4 17.8 0.37
070 36.7 15.7 1.07
071 34.6 14.5 0.03
072 32.1 16.5 0.47
073 42.6 11.0 0.6
074 41.0 20.6 0.42
075 37.4 23.9 1.02
076 48.9 24.0 0.41
077 50.5 23.1 0.15
078 39.1 20.8 0.56
079 29.8 24.8 0.32
080 45.7 27.1 0.01
081 51.6 25.7 1.04
082 44.3 21.6 1.43
083 29.0 22.9 0.8
084 43.9 21.9 1.02
085 50.1 25.2 0.25
086 43.3 21.3 1.33
087 37.4 23.2 0.55
088 47.5 17.5 0.56
089 53.6 15.1 0.84
090 50.5 22.5 0.24
091 44.1 22.3 0.28
092 53.6 20.2 0.46
093 46.7 16.8 0.32
094 46.7 21.5 0.06
095 42.8 22.4 0.02
096 49.1 20.0 0.09
097 47.9 19.0 0.06
098 58.9 22.3 0.14
099 53.1 22.5 0.02
100 69.6 23.0 0.02
101 45.3 21.1 0.06
102 36.7 33.9 0.06
103 53.0 17.2 0.21
104 62.4 26.7 0.04
105 62.9 41.4 0.09
106 57.2 31.2 0.13
107 73.6 27.2 0.0
108 72.2 21.0 0.23
109 72.2 30.3 0.14
110 53.2 36.2 0.07
111 86.0 31.2 0.07
112 73.0 25.7 0.08
113 56.6 30.9 0.08
114 76.0 21.3 0.0
115 78.4 31.0 0.02
116 57.9 29.6 0.09
117 74.3 39.9 0.16
118 57.2 33.0 0.16
119 67.2 42.9 0.09
120 57.8 36.0 0.22
121 62.8 35.5 0.02
122 60.3 35.2 0.03
123 61.6 31.4 0.17
124 64.3 26.7 0.02
125 64.0 28.4 5.77
126 61.4 34.0 2.51
127 64.4 30.1 0.72
128 73.1 34.3 1.98
129 63.5 35.3 3.54
130 64.9 36.2 1.4
131 69.0 31.0 7.7
132 66.6 38.7 8.42
133 69.7 44.3 3.45
134 68.6 45.7 8.76
135 63.8 43.8 11.69
136 74.0 46.6 1.52
137 60.6 38.1 0.52
138 69.8 42.6 10.77
139 68.6 41.0 8.65
140 68.5 40.5 0.11
141 70.2 45.2 9.28
142 69.8 46.9 2.11
143 73.1 52.3 10.27
144 66.6 48.4 6.22
145 66.1 51.1 8.17
146 70.2 49.4 1.43
147 74.6 50.3 7.65
148 67.4 57.6 7.31
149 69.9 54.3 5.76
150 66.8 45.7 7.45
151 70.5 48.2 3.06
152 75.0 53.1 1.17
153 65.8 48.8 8.09
154 70.4 53.7 6.36
155 74.9 54.4 3.02
156 75.7 52.3 9.09
157 80.9 52.1 6.93
158 76.1 62.8 7.16
159 80.1 57.2 2.85
160 78.1 59.0 6.94
161 80.3 57.5 6.88
162 79.9 58.0 6.28
163 76.0 57.7 0.38
164 78.2 55.2 1.36
165 80.5 56.7 3.48
166 77.7 52.8 0.1
167 76.2 57.6 3.19
168 81.2 58.6 3.5
169 79.2 50.6 0.45
170 78.6 56.2 3.9
171 78.2 58.2 1.14
172 80.1 55.6 3.65
173 78.1 55.2 7.93
174 80.6 57.2 12.12
175 82.2 54.6 5.69
176 78.0 55.3 0.68
177 80.8 54.7 2.98
178 78.4 54.3 2.77
179 76.2 56.0 4.32
180 79.6 67.0 1.64
181 80.0 63.3 3.64
182 77.6 57.7 4.1
183 76.7 61.0 5.92
184 81.4 60.5 1.06
185 81.9 60.1 3.02
186 82.6 60.6 5.55
187 76.0 58.7 5.62
188 81.0 60.6 7.92
189 84.3 62.0 0.27
190 79.6 60.7 5.98
191 79.6 62.7 4.92
192 73.1 59.5 6.85
193 91.2 63.0 3.53
194 75.8 61.5 0.6
195 78.8 64.5 0.96
196 83.4 59.9 4.07
197 79.4 63.6 5.52
198 78.6 56.6 0.24
199 80.8 61.6 7.71
200 81.6 56.4 5.92
201 82.4 58.4 4.81
202 83.3 63.4 1.07
203 86.4 61.2 3.51
204 77.6 56.7 3.98
205 85.8 61.1 8.42
206 82.4 61.3 3.41
207 80.7 59.1 0.36
208 79.9 58.3 0.38
209 88.3 63.4 0.43
210 92.1 64.6 1.49
211 85.3 58.7 0.36
212 88.2 61.4 4.13
213 94.3 63.9 3.3
214 92.1 62.1 1.72
215 91.1 65.2 1.1
216 87.6 67.5 1.38
217 88.9 62.3 3.17
218 94.0 61.7 4.2
219 85.2 64.2 6.76
220 88.2 64.4 3.07
221 90.8 61.2 0.67
222 95.0 60.1 2.22
223 87.1 66.1 5.64
224 81.4 62.9 0.81
225 81.1 65.2 5.72
226 84.9 65.8 5.26
227 83.7 64.7 2.75
228 80.3 63.4 4.87
229 82.4 59.7 2.36
230 83.2 57.6 0.02
231 79.0 63.2 1.62
232 77.7 65.8 6.13
233 89.1 63.1 5.63
234 85.6 59.6 2.88
235 90.8 61.0 2.66
236 76.5 58.0 1.72
237 85.8 61.7 1.33
238 93.5 57.4 0.6
239 84.6 61.8 0.21
240 86.3 58.3 0.12
241 87.2 60.0 0.0
242 85.5 65.4 0.0
243 86.9 58.9 0.0
244 89.9 60.5 0.0
245 94.4 62.9 0.0
246 100.9 99.9 0.0
247 92.4 60.8 0.0
248 98.7 63.7 0.0
249 86.1 62.5 0.0
250 97.4 56.0 0.0
251 79.7 61.1 0.0
252 95.0 64.5 0.0
253 86.0 67.4 6.96
254 82.4 52.1 6.15
255 81.8 56.2 1.78
256 90.8 57.3 0.56
257 88.2 53.9 3.87
258 76.2 60.4 3.74
259 82.5 56.3 3.97
260 82.5 50.4 1.26
261 92.1 53.4 2.22
262 88.1 49.6 2.33
263 81.7 58.9 1.48
264 82.9 46.2 0.27
265 86.9 49.9 4.69
266 89.7 49.2 2.21
267 77.8 51.1 0.7
268 76.5 52.1 7.94
269 72.8 49.4 1.64
270 78.5 47.3 8.0
271 78.5 46.9 0.93
272 70.1 45.5 5.41
273 85.3 45.4 1.01
274 77.9 52.0 0.49
275 83.4 47.3 2.81
276 79.0 49.6 0.08
277 80.8 49.4 2.96
278 79.3 46.2 1.07
279 70.3 47.0 0.69
280 77.3 55.7 0.37
281 76.0 51.7 1.35
282 81.4 38.6 0.44
283 81.1 44.6 0.25
284 65.8 43.1 0.12
285 77.0 40.9 0.93
286 78.4 51.6 0.44
287 73.3 35.7 0.24
288 80.0 34.6 2.04
289 73.6 38.2 2.37
290 76.3 38.3 0.01
291 82.6 43.3 0.77
292 65.1 45.7 1.28
293 70.8 40.5 1.04
294 72.6 31.7 0.68
295 65.3 39.9 0.81
296 69.4 40.3 0.23
297 66.0 35.8 1.22
298 68.2 42.8 1.61
299 67.8 32.3 2.72
300 53.9 39.4 1.03
301 50.0 31.2 1.06
302 65.7 38.9 0.79
303 70.5 39.3 1.61
304 56.2 35.3 0.45
305 58.0 26.2 0.08
306 64.4 37.7 0.01
307 48.8 27.3 0.71
308 65.5 19.2 0.58
309 63.7 36.6 0.47
310 58.4 34.3 0.14
311 70.1 30.9 0.05
312 45.6 30.5 0.18
313 61.5 23.9 0.13
314 61.6 32.9 0.27
315 51.7 22.1 0.12
316 59.0 21.0 0.0
317 63.6 27.2 0.3
318 45.8 32.2 0.12
319 52.5 25.1 0.0
320 63.9 32.3 0.38
321 60.9 29.6 0.59
322 57.1 24.3 0.08
323 61.3 25.0 0.11
324 62.3 25.6 0.0
325 60.4 22.9 0.04
326 64.7 35.6 0.01
327 58.7 27.6 0.19
328 58.1 18.4 0.03
329 60.1 22.4 0.18
330 57.4 21.8 0.49
331 50.8 29.4 0.92
332 57.1 18.6 0.03
333 44.7 23.0 0.24
334 59.8 31.7 0.23
335 49.1 29.0 0.68
336 51.0 17.1 0.91
337 45.3 21.1 0.02
338 57.5 15.9 0.43
339 37.6 23.2 0.27
340 38.5 21.0 0.4
341 53.8 27.7 1.4
342 45.0 30.6 0.47
343 47.6 20.6 0.25
344 58.2 23.8 0.35
345 46.9 23.0 0.0
346 46.4 20.1 0.1
347 44.3 22.7 0.42
348 47.4 18.6 0.71
349 40.2 19.6 0.86
350 49.3 21.9 0.07
351 45.6 24.4 0.26
352 45.8 26.0 0.0
353 37.2 22.2 0.09
354 49.1 19.7 0.0
355 46.1 18.8 0.09
356 54.2 23.5 0.04
357 48.0 19.1 0.02
358 54.5 18.4 0.27
359 49.4 19.6 1.15
360 43.5 29.0 0.74
361 47.9 23.6 0.12
362 40.2 22.2 0.15
363 47.8 19.3 0.44
364 47.0 21.9 1.26
365 48.3 25.0 0.65
