001 6.0 -11.0 0.0
002 15.0 -10.0 0.0
003 27.0 -6.0 0.0
004 29.0 -4.0 0.0
005 25.0 -1.0 0.0
006 59.0 4.0 0.0
007 20.0 1.0 0.0
008 30.0 -8.0 0.0
009 44.0 -4.0 0.0
010 37.0 36.0 0.0
011 22.0 14.0 0.0
012 22.0 21.0 0.0
013 24.0 15.0 0.0
014 29.0 10.0 0.0
015 38.0 37.0 0.0
016 43.0 10.0 0.0
017 34.0 33.0 1.0
018 43.0 13.0 0.0
019 43.0 18.0 0.0
020 37.0 18.0 1.0
021 34.0 15.0 0.0
022 41.0 11.0 0.0
023 40.0 16.0 0.0
024 45.0 10.0 0.0
025 47.0 16.0 0.0
026 33.0 16.0 0.0
027 47.0 16.0 0.0
028 42.0 12.0 0.0
029 40.0 17.0 0.0
030 46.0 20.0 0.0
031 52.0 17.0 0.0
032 40.0 19.0 0.0
033 42.0 20.0 0.0
034 44.0 43.0 0.0
035 45.0 17.0 0.0
036 45.0 14.0 0.0
037 41.0 15.0 0.0
038 40.0 39.0 0.0
039 55.0 16.0 0.0
040 39.0 16.0 0.0
041 46.0 18.0 0.0
042 50.0 15.0 0.0
043 32.0 15.0 0.0
044 54.0 18.0 0.0
045 50.0 11.0 0.0
046 47.0 13.0 0.0
047 43.0 15.0 0.0
048 50.0 19.0 0.0
049 46.0 14.0 0.0
050 42.0 13.0 0.0
051 47.0 20.0 0.0
052 42.0 18.0 0.0
053 45.0 25.0 0.0
054 29.0 22.0 0.0
055 38.0 12.0 0.0
056 46.0 14.0 0.0
057 32.0 11.0 0.0
058 38.0 24.0 0.0
059 30.0 17.0 0.0
060 55.0 16.0 0.0
061 47.0 24.0 0.0
062 41.0 40.0 0.0
063 58.0 14.0 0.0
064 41.0 30.0 0.0
065 57.0 10.0 0.0
066 62.0 17.0 1.0
067 55.0 54.0 0.0
068 56.0 12.0 0.0
069 35.0 14.0 1.0
070 39.0 38.0 0.0
071 48.0 16.0 0.0
072 32.0 11.0 0.0
073 36.0 24.0 1.0
074 41.0 14.0 1.0
075 46.0 18.0 0.0
076 47.0 26.0 0.0
077 60.0 59.0 0.0
078 55.0 19.0 0.0
079 49.0 20.0 1.0
080 52.0 25.0 0.0
081 55.0 15.0 1.0
082 47.0 24.0 0.0
083 51.0 11.0 1.0
084 45.0 18.0 1.0
085 48.0 24.0 1.0
086 58.0 26.0 0.0
087 59.0 19.0 0.0
088 54.0 29.0 0.0
089 54.0 27.0 0.0
090 55.0 26.0 0.0
091 59.0 23.0 0.0
092 56.0 32.0 0.0
093 59.0 24.0 0.0
094 56.0 32.0 0.0
095 60.0 31.0 0.0
096 57.0 28.0 0.0
097 50.0 30.0 0.0
098 57.0 31.0 0.0
099 58.0 28.0 0.0
100 54.0 34.0 0.0
101 59.0 32.0 0.0
102 55.0 30.0 0.0
103 53.0 30.0 0.0
104 51.0 35.0 0.0
105 57.0 28.0 0.0
106 56.0 23.0 0.0
107 56.0 27.0 0.0
108 53.0 33.0 0.0
109 59.0 30.0 0.0
110 58.0 32.0 0.0
111 58.0 31.0 0.0
112 68.0 36.0 0.0
113 58.0 26.0 0.0
114 58.0 32.0 0.0
115 59.0 35.0 1.0
116 64.0 31.0 1.0
117 66.0 31.0 1.0
118 66.0 36.0 0.0
119 68.0 37.0 2.0
120 64.0 30.0 9.0
121 65.0 38.0 4.0
122 60.0 38.0 9.0
123 65.0 35.0 10.0
124 60.0 41.0 3.0
125 56.0 42.0 0.0
126 68.0 44.0 10.0
127 64.0 40.0 1.0
128 55.0 44.0 10.0
129 69.0 45.0 9.0
130 65.0 37.0 9.0
131 69.0 44.0 5.0
132 59.0 43.0 3.0
133 68.0 45.0 15.0
134 57.0 39.0 6.0
135 57.0 45.0 1.0
136 66.0 47.0 2.0
137 70.0 46.0 8.0
138 73.0 48.0 4.0
139 74.0 49.0 2.0
140 78.0 49.0 0.0
141 73.0 42.0 8.0
142 73.0 46.0 0.0
143 72.0 49.0 0.0
144 71.0 47.0 3.0
145 82.0 43.0 1.0
146 81.0 47.0 3.0
147 67.0 52.0 2.0
148 78.0 41.0 3.0
149 74.0 43.0 1.0
150 79.0 47.0 2.0
151 75.0 40.0 0.0
152 71.0 48.0 4.0
153 79.0 47.0 0.0
154 81.0 51.0 1.0
155 77.0 45.0 0.0
156 70.0 42.0 0.0
157 75.0 49.0 1.0
158 73.0 37.0 2.0
159 72.0 51.0 1.0
160 72.0 50.0 0.0
161 74.0 48.0 1.0
162 75.0 47.0 3.0
163 74.0 46.0 0.0
164 81.0 59.0 0.0
165 86.0 54.0 2.0
166 82.0 56.0 1.0
167 79.0 49.0 3.0
168 84.0 59.0 1.0
169 88.0 64.0 1.0
170 89.0 66.0 2.0
171 86.0 54.0 1.0
172 81.0 67.0 1.0
173 86.0 68.0 0.0
174 91.0 57.0 3.0
175 87.0 59.0 0.0
176 86.0 60.0 0.0
177 93.0 55.0 2.0
178 97.0 60.0 0.0
179 83.0 62.0 0.0
180 86.0 62.0 0.0
181 101.0 100.0 0.0
182 89.0 56.0 0.0
183 92.0 56.0 4.0
184 85.0 63.0 5.0
185 84.0 57.0 4.0
186 96.0 63.0 6.0
187 95.0 58.0 3.0
188 90.0 60.0 6.0
189 99.0 67.0 12.0
190 94.0 57.0 12.0
191 91.0 60.0 9.0
192 91.0 63.0 0.0
193 92.0 61.0 10.0
194 86.0 65.0 3.0
195 93.0 59.0 6.0
196 96.0 61.0 4.0
197 93.0 69.0 7.0
198 91.0 62.0 2.0
199 101.0 100.0 4.0
200 90.0 66.0 5.0
201 92.0 62.0 9.0
202 102.0 101.0 2.0
203 92.0 67.0 2.0
204 92.0 63.0 5.0
205 95.0 66.0 7.0
206 96.0 67.0 5.0
207 87.0 67.0 1.0
208 95.0 66.0 2.0
209 81.0 63.0 1.0
210 90.0 63.0 3.0
211 95.0 66.0 2.0
212 88.0 60.0 3.0
213 86.0 62.0 4.0
214 86.0 64.0 5.0
215 102.0 101.0 1.0
216 90.0 60.0 5.0
217 85.0 60.0 2.0
218 93.0 64.0 6.0
219 95.0 63.0 5.0
220 81.0 66.0 2.0
221 86.0 62.0 6.0
222 84.0 64.0 2.0
223 92.0 65.0 6.0
224 86.0 66.0 1.0
225 84.0 61.0 0.0
226 98.0 63.0 4.0
227 90.0 59.0 1.0
228 92.0 62.0 0.0
229 88.0 61.0 2.0
230 82.0 64.0 1.0
231 84.0 63.0 1.0
232 91.0 60.0 1.0
233 90.0 60.0 0.0
234 91.0 57.0 1.0
235 87.0 62.0 0.0
236 93.0 62.0 1.0
237 93.0 60.0 1.0
238 91.0 62.0 0.0
239 88.0 58.0 1.0
240 94.0 65.0 0.0
241 84.0 59.0 0.0
242 94.0 57.0 1.0
243 83.0 59.0 1.0
244 87.0 57.0 0.0
245 88.0 55.0 3.0
246 91.0 55.0 1.0
247 86.0 53.0 0.0
248 88.0 60.0 0.0
249 93.0 55.0 0.0
250 89.0 55.0 0.0
251 90.0 58.0 0.0
252 89.0 55.0 0.0
253 87.0 52.0 1.0
254 93.0 58.0 0.0
255 89.0 52.0 1.0
256 96.0 50.0 0.0
257 89.0 50.0 1.0
258 79.0 56.0 0.0
259 90.0 54.0 1.0
260 87.0 53.0 1.0
261 80.0 55.0 0.0
262 94.0 46.0 1.0
263 82.0 58.0 1.0
264 85.0 61.0 2.0
265 81.0 51.0 3.0
266 76.0 49.0 2.0
267 87.0 55.0 1.0
268 80.0 49.0 2.0
269 91.0 49.0 2.0
270 74.0 52.0 1.0
271 74.0 47.0 1.0
272 80.0 49.0 0.0
273 78.0 49.0 1.0
274 82.0 54.0 0.0
275 73.0 50.0 1.0
276 86.0 49.0 1.0
277 85.0 50.0 1.0
278 83.0 52.0 4.0
279 86.0 49.0 1.0
280 70.0 48.0 3.0
281 75.0 49.0 1.0
282 73.0 48.0 0.0
283 75.0 43.0 1.0
284 81.0 39.0 3.0
285 71.0 46.0 1.0
286 69.0 43.0 1.0
287 74.0 40.0 2.0
288 72.0 37.0 2.0
289 61.0 38.0 1.0
290 72.0 34.0 1.0
291 69.0 46.0 0.0
292 75.0 31.0 1.0
293 60.0 34.0 1.0
294 74.0 35.0 2.0
295 72.0 31.0 1.0
296 67.0 33.0 1.0
297 74.0 36.0 0.0
298 71.0 39.0 1.0
299 60.0 38.0 1.0
300 57.0 38.0 0.0
301 60.0 36.0 0.0
302 69.0 32.0 0.0
303 62.0 34.0 0.0
304 67.0 34.0 0.0
305 61.0 31.0 0.0
306 67.0 25.0 0.0
307 73.0 34.0 0.0
308 68.0 39.0 0.0
309 65.0 33.0 0.0
310 52.0 27.0 1.0
311 66.0 34.0 0.0
312 69.0 37.0 1.0
313 68.0 34.0 0.0
314 60.0 35.0 0.0
315 63.0 24.0 0.0
316 59.0 19.0 1.0
317 53.0 29.0 1.0
318 54.0 31.0 1.0
319 61.0 37.0 1.0
320 59.0 22.0 0.0
321 56.0 40.0 1.0
322 45.0 16.0 1.0
323 53.0 29.0 0.0
324 31.0 25.0 0.0
325 39.0 20.0 0.0
326 48.0 18.0 0.0
327 48.0 18.0 0.0
328 49.0 16.0 0.0
329 45.0 25.0 0.0
330 52.0 16.0 0.0
331 44.0 21.0 0.0
332 46.0 13.0 0.0
333 49.0 13.0 0.0
334 49.0 16.0 0.0
335 50.0 15.0 0.0
336 44.0 17.0 0.0
337 40.0 18.0 0.0
338 54.0 20.0 0.0
339 54.0 14.0 0.0
340 46.0 10.0 0.0
341 47.0 46.0 0.0
342 41.0 14.0 0.0
343 49.0 16.0 0.0
344 47.0 16.0 0.0
345 47.0 21.0 0.0
346 47.0 23.0 0.0
347 45.0 20.0 1.0
348 43.0 15.0 0.0
349 41.0 18.0 0.0
350 45.0 15.0 0.0
351 42.0 21.0 2.0
352 40.0 13.0 0.0
353 40.0 10.0 1.0
354 23.0 12.0 1.0
355 45.0 44.0 1.0
356 40.0 39.0 0.0
357 31.0 30.0 1.0
358 33.0 13.0 0.0
359 31.0 11.0 1.0
360 36.0 21.0 2.0
361 25.0 24.0 0.0
362 43.0 42.0 0.0
363 29.0 11.0 1.0
364 42.0 12.0 2.0
365 36.0 2.0 2.0
