001 35.4 33.6 0.0
002 35.3 30.6 0.0
003 31.0 30.0 0.41
004 30.6 23.6 0.24
005 33.3 19.6 0.05
006 29.8 16.8 1.01
007 31.2 18.3 1.99
008 28.3 18.8 2.1
009 27.6 14.9 1.89
010 33.3 17.2 1.85
011 30.6 15.1 1.58
012 35.3 20.7 0.31
013 28.3 19.0 1.33
014 31.4 25.9 0.77
015 34.5 19.1 1.1
016 34.8 12.7 1.14
017 33.8 17.0 1.1
018 36.2 20.7 0.39
019 35.2 20.2 0.43
020 34.5 21.2 0.67
021 33.3 16.0 0.22
022 32.1 11.6 0.79
023 36.1 14.1 0.75
024 33.3 12.5 0.3
025 34.8 14.5 2.16
026 31.7 17.6 0.02
027 29.6 19.4 0.08
028 35.1 21.0 0.64
029 32.5 20.6 0.14
030 25.6 14.6 0.0
031 29.1 14.0 0.05
032 22.6 21.6 0.73
033 16.1 15.1 0.08
034 36.7 3.3 0.07
035 34.9 10.8 0.26
036 32.8 31.8 0.41
037 24.5 10.4 0.64
038 25.6 20.3 0.66
039 28.0 27.0 0.78
040 30.2 29.2 0.29
041 34.1 33.1 0.05
042 36.6 14.6 0.03
043 24.7 16.4 0.01
044 25.6 24.6 0.02
045 35.6 15.1 0.13
046 28.0 16.9 0.03
047 32.8 31.8 0.02
048 41.8 40.8 0.01
049 32.7 12.4 0.03
050 32.3 13.5 0.02
051 37.6 16.4 0.02
052 39.2 16.1 0.0
053 32.7 12.8 0.0
054 29.5 18.0 0.0
055 33.1 24.9 0.0
056 32.4 23.4 0.01
057 36.4 23.1 0.04
058 38.6 18.4 0.02
059 47.9 20.9 0.05
060 38.2 16.4 0.03
061 35.9 20.2 0.04
062 39.4 18.1 0.05
063 40.5 22.7 0.06
064 34.0 19.0 0.06
065 31.3 10.7 0.02
066 41.5 17.4 0.03
067 31.8 16.4 0.09
068 37.3 21.5 0.28
069 30.8 25.3 0.11
070 53.9 16.8 0.94
071 16.0 15.0 0.18
072 35.0 25.8 0.29
073 43.0 42.0 0.12
074 35.3 28.6 0.52
075 38.4 26.1 0.12
076 53.9 24.7 1.64
077 50.2 26.3 1.47
078 37.5 23.1 2.26
079 53.4 20.8 0.82
080 52.1 19.2 0.98
081 37.8 23.0 0.95
082 41.4 22.2 1.44
083 40.5 21.9 0.2
084 40.9 21.1 1.15
085 44.9 23.6 1.36
086 45.7 18.5 1.81
087 53.8 23.8 0.43
088 47.8 20.5 0.05
089 52.6 16.3 0.49
090 54.3 25.5 1.46
091 42.6 22.3 1.2
092 44.3 16.6 0.35
093 48.0 21.3 0.09
094 40.7 25.8 0.55
095 46.5 21.9 0.05
096 55.2 18.8 0.16
097 48.9 23.9 0.1
098 43.1 26.5 0.06
099 53.1 16.9 0.01
100 59.1 21.0 0.08
101 52.6 22.1 0.14
102 53.6 31.5 0.08
103 55.1 33.1 0.01
104 45.9 35.7 0.18
105 60.3 30.5 0.01
106 69.3 29.7 0.01
107 66.5 26.4 0.22
108 70.7 37.1 0.15
109 47.8 30.7 0.06
110 74.9 25.7 0.12
111 69.9 28.7 0.03
112 61.2 24.3 0.03
113 87.1 28.9 0.05
114 67.6 25.9 0.09
115 72.6 35.4 0.07
116 58.7 25.2 0.02
117 67.2 38.3 0.09
118 64.6 39.4 0.03
119 57.9 37.0 0.02
120 60.0 41.5 0.04
121 47.4 39.0 0.0
122 65.6 26.1 0.19
123 68.9 23.9 0.09
124 65.6 33.7 0.25
125 68.3 27.7 3.8
126 66.3 40.3 5.28
127 63.2 42.4 1.7
128 69.8 26.7 0.24
129 70.0 33.7 2.87
130 67.3 35.3 10.14
131 66.8 36.1 0.84
132 65.3 47.4 2.74
133 67.4 35.4 5.99
134 65.0 36.3 7.12
135 63.6 33.2 4.12
136 70.7 46.6 0.61
137 66.0 41.1 7.65
138 74.9 51.7 4.82
139 69.6 40.6 10.72
140 72.5 41.7 7.75
141 71.0 50.2 5.18
142 73.0 47.3 5.35
143 73.6 49.7 1.97
144 74.3 49.4 4.52
145 75.4 46.0 0.52
146 73.9 51.9 1.63
147 67.9 52.1 4.1
148 64.0 47.7 5.83
149 70.1 54.4 10.48
150 64.9 50.6 3.92
151 76.6 54.0 10.93
152 75.0 53.2 3.88
153 71.1 55.5 0.05
154 65.5 55.0 6.06
155 74.0 49.9 2.96
156 73.9 52.0 0.53
157 76.3 52.8 5.16
158 74.0 56.3 3.63
159 80.9 53.9 1.27
160 77.8 57.3 3.2
161 78.3 55.8 6.25
162 80.4 58.0 12.72
163 81.3 55.4 8.1
164 79.2 55.8 13.96
165 81.9 59.3 4.44
166 75.5 58.2 0.98
167 79.2 57.0 9.02
168 80.5 53.6 1.87
169 80.4 49.5 5.04
170 83.3 57.8 3.12
171 75.4 49.1 2.72
172 76.0 54.4 4.82
173 79.8 61.7 7.03
174 80.2 56.1 1.39
175 76.4 52.3 3.63
176 81.8 54.6 2.35
177 82.5 55.3 2.12
178 79.8 54.1 2.66
179 79.8 56.3 2.41
180 82.0 55.5 3.39
181 81.1 54.4 0.41
182 76.3 56.1 1.44
183 84.4 65.3 9.73
184 78.6 62.3 1.67
185 82.7 57.0 4.68
186 79.5 62.5 0.15
187 83.3 59.5 4.31
188 88.8 59.2 5.95
189 77.3 62.1 1.99
190 81.4 60.4 3.55
191 83.1 62.2 0.08
192 77.0 62.6 6.85
193 79.5 53.8 6.05
194 79.1 58.8 5.54
195 81.6 61.8 1.48
196 75.8 57.0 4.24
197 79.1 61.7 6.51
198 77.3 60.3 7.39
199 82.6 55.3 5.46
200 72.1 56.7 4.53
201 83.6 62.8 0.2
202 81.5 62.2 3.35
203 82.3 58.8 2.35
204 79.8 57.7 4.38
205 81.3 60.1 7.11
206 91.3 61.1 5.41
207 84.2 62.5 0.16
208 82.0 61.3 0.25
209 90.8 64.0 0.52
210 92.6 63.5 4.52
211 90.4 63.8 1.45
212 84.9 65.9 0.23
213 87.8 63.6 4.91
214 83.4 65.4 1.29
215 92.2 63.8 5.43
216 93.2 63.2 3.29
217 88.5 60.0 2.13
218 87.7 63.2 1.63
219 83.7 61.0 5.09
220 86.1 67.7 3.82
221 92.5 63.1 1.27
222 87.1 64.6 1.75
223 93.9 65.0 7.72
224 85.9 63.5 1.51
225 84.5 63.4 7.64
226 88.2 58.5 5.55
227 82.9 62.6 5.54
228 83.0 62.4 0.48
229 84.8 64.1 1.84
230 78.5 64.6 6.69
231 81.2 59.2 3.81
232 77.4 64.6 3.53
233 87.9 59.5 0.72
234 80.5 64.2 3.07
235 82.0 59.4 1.77
236 85.1 59.8 2.17
237 93.1 65.9 1.38
238 84.4 62.6 1.94
239 90.2 59.2 0.32
240 92.1 61.0 0.05
241 91.4 64.9 0.0
242 84.8 58.8 0.0
243 91.6 53.7 0.0
244 98.2 58.4 0.0
245 97.8 62.5 0.0
246 94.6 60.8 0.0
247 95.1 59.2 0.0
248 90.4 60.5 0.0
249 91.1 59.4 0.0
250 88.8 59.8 0.0
251 92.8 64.8 0.0
252 95.3 59.8 0.0
253 85.8 57.5 0.74
254 85.6 52.6 8.29
255 92.2 60.6 2.16
256 78.6 50.3 0.4
257 93.5 55.9 1.32
258 92.4 56.2 4.46
259 91.6 56.3 0.91
260 88.5 50.6 3.87
261 95.1 55.2 4.68
262 87.5 54.8 2.1
263 81.0 51.1 1.19
264 82.4 52.2 5.2
265 77.6 52.3 0.64
266 84.2 50.7 2.2
267 85.0 47.8 1.77
268 79.8 48.7 3.73
269 85.7 47.5 7.14
270 76.0 49.8 4.61
271 80.7 47.0 4.32
272 77.3 45.7 2.48
273 80.0 48.1 0.85
274 75.5 49.4 2.56
275 81.1 55.0 2.39
276 84.0 48.6 1.52
277 88.9 56.5 0.65
278 78.7 48.0 0.38
279 75.4 43.8 0.77
280 78.7 47.5 0.51
281 79.4 51.9 0.68
282 73.4 35.5 0.95
283 80.6 45.4 0.44
284 79.4 37.5 0.19
285 79.3 45.6 1.47
286 73.4 37.2 1.12
287 75.5 32.6 1.16
288 73.3 40.2 0.56
289 67.8 39.1 0.08
290 66.2 39.4 1.54
291 69.0 33.7 0.8
292 72.0 39.8 1.14
293 66.1 37.9 0.01
294 63.1 43.5 0.58
295 70.7 35.2 1.31
296 73.6 37.4 0.32
297 61.8 35.1 0.73
298 66.9 35.4 0.68
299 47.0 41.1 0.87
300 71.6 34.6 0.2
301 69.5 37.5 1.24
302 68.4 37.2 1.69
303 68.9 36.5 1.32
304 47.2 36.8 0.67
305 47.6 24.3 0.44
306 50.5 28.8 0.28
307 62.5 25.1 0.19
308 63.2 29.7 0.8
309 62.3 28.1 0.11
310 49.5 37.4 0.38
311 61.6 36.1 0.61
312 60.2 33.6 0.1
313 53.8 25.2 0.04
314 53.7 29.5 0.3
315 65.0 19.2 0.08
316 59.3 37.5 0.15
317 48.4 23.5 0.45
318 60.8 23.1 0.15
319 52.1 31.0 0.27
320 64.2 16.4 0.26
321 53.9 18.4 0.75
322 59.9 21.3 0.06
323 57.7 29.0 0.04
324 61.4 27.7 0.48
325 57.6 27.8 0.29
326 63.6 28.3 0.49
327 63.1 31.2 0.12
328 55.3 18.1 0.14
329 63.5 28.1 0.0
330 53.1 23.6 0.45
331 53.0 18.1 1.03
332 45.9 17.0 0.32
333 60.2 23.4 0.11
334 54.6 24.0 0.05
335 54.2 29.7 0.13
336 50.7 23.4 0.32
337 44.5 24.1 0.38
338 39.2 32.7 0.33
339 48.0 20.5 1.61
340 38.8 22.8 0.39
341 47.1 15.2 0.45
342 48.6 19.2 0.5
343 47.5 21.2 0.4
344 51.2 22.3 0.02
345 40.3 21.1 0.76
346 52.6 24.1 0.51
347 32.8 14.1 0.4
348 39.0 11.4 0.13
349 50.9 12.8 0.53
350 47.9 26.8 0.15
351 43.2 20.0 0.14
352 52.1 24.9 0.04
353 45.7 17.3 0.07
354 50.1 16.9 0.05
355 40.9 18.4 0.17
356 56.3 23.0 0.17
357 53.0 19.9 0.01
358 49.9 19.8 0.75
359 44.9 29.0 1.63
360 49.2 21.7 0.6
361 47.1 26.1 1.8
362 49.4 20.7 0.38
363 45.5 24.6 0.46
364 46.4 15.9 0.58
365 51.7 24.0 1.73
