001 5.7 -10.7 0.0
002 10.571134341346099 -10.116930436154338 0.10882461437641569
003 25.826699024052612 -6.802380720495366 0.11754573693091341
004 18.340318213358934 -6.379686285692419 -0.007288632951990323
005 31.21899584531397 3.6082720560811414 0.09654461621604386
006 31.6569460538688 1.7309453493882905 -0.03862816732663519
007 8.070965937223619 -4.095695376879586 -0.0015031426019824212
008 43.170448415753114 -2.254954971421494 0.6475806204217638
009 25.834146001388188 24.8 0.40362348108492707
010 21.759955294481422 -4.054114711075916 -0.18445427785558588
011 27.8785685238054 26.9 -0.08338794884214804
012 41.21685508308961 40.2 0.21433159024772605
013 36.95860622815217 10.98422172289791 0.32701610771649325
014 34.398794323876146 33.4 -0.05309487511124253
015 20.654135054790157 14.425164102663773 -0.5201339555796965
016 47.83029936821911 12.517235462392089 0.5330685701496698
017 27.053711243031792 16.612462759265565 0.33069368213937966
018 33.63055139351903 21.29961157970306 -0.4486500090251051
019 49.92028256766677 14.473581495300204 0.22825020268519208
020 27.301427336381003 20.327344334666137 -0.0632570678919652
021 47.051257833991684 10.353147925191141 -0.1176742220896965
022 35.67558534143395 11.45398809764241 -0.09062295063281894
023 36.33217931639579 17.75864240281741 0.08660624400068015
024 25.44768171799316 13.596514472663497 0.3352763214630977
025 32.904170237279075 31.9 0.18407049747983928
026 41.01881436420739 23.75553128229254 0.33964849466603864
027 48.55347369417983 21.009515065994073 -0.34201202243999335
028 47.31646537461543 14.85606148205292 -0.09816521711190396
029 48.2292893016948 13.145746245233802 0.12848764402138368
030 54.03562940900822 20.66087310399097 0.014916966283106348
031 46.30895480905619 17.31687486484993 0.3868901898504262
032 53.47411103750751 14.366562523642584 -0.02787800905519451
033 38.013078685540975 15.893048416335784 0.2669367490921667
034 45.036924736719726 16.50130445185358 0.1361437030125076
035 49.71077378271738 15.59951289828254 0.15855814281961694
036 24.285396214597444 13.13541687652368 -0.021458313695477266
037 60.33421505027317 13.692277300463003 0.11895403632032497
038 40.67635288079566 15.759683514076666 0.3749427176748399
039 34.40098414230688 15.757780922892387 0.32500207120020846
040 40.21381104868504 25.078030378699033 0.1840264361550231
041 47.60483793256102 16.724747322203374 0.09023905591194906
042 39.4512049596555 18.35607723871974 0.33051889736164763
043 44.46920595088305 18.366722956963237 0.07278967904965296
044 38.8211893219744 10.948960047152802 0.2543804522806084
045 37.7226584833145 20.314569657262656 -0.0069327900096567
046 39.5074470828684 12.795123104208216 0.0
047 42.124240601283006 11.231018286685117 0.0
048 35.54392252579369 18.478085162306932 0.0
049 47.900319296209815 17.243387080660348 0.0
050 46.41487798342835 20.95600921704367 0.0
051 40.85096699192923 13.516846778916609 0.0
052 51.488717337014485 19.4874763294566 0.0
053 56.862439995965204 55.9 0.0
054 48.43314674843026 10.143319261734597 0.0
055 48.36485992728099 16.91501054160355 0.0
056 56.458170687757175 17.360025829004343 0.0
057 50.71440958790624 23.98528439683178 0.0
058 36.999907296768704 -2.3672224141464433 0.0
059 60.56271737652192 59.6 0.0
060 52.92146832723377 16.763014796165113 0.0
061 51.280685958655 12.872245566820919 0.0
062 32.30128408794984 14.17881256291813 0.0
063 29.507318098439974 15.805657813918177 0.0
064 39.15377312669398 38.2 0.0
065 45.44810963679079 17.95273492767258 0.0
066 37.2134318754042 16.825108579962226 -0.40038361243478243
067 31.801301047554297 30.8 0.21019634753343192
068 45.44552623158687 12.919189346564849 -0.5228636814349836
069 42.54119451185236 15.01056571952774 0.0455437778993599
070 34.78929823507646 19.97246330301291 -0.30372333252191674
071 47.6678001189384 46.7 -0.06360665864608347
072 40.38000671328025 39.4 -0.40633013616711855
073 42.41378816057169 13.49451305047568 -0.17492930249692215
074 43.28548315232938 12.79553400201305 0.1743852021755184
075 46.38551086950869 10.58573962156954 -0.08128287930436637
076 66.16422399270746 20.195532491500106 0.40924505462246763
077 47.01124745344067 26.411063709771703 0.10509982154524095
078 50.72443617103533 16.457503172092345 0.7419161902424112
079 43.5120448531863 20.33065202367163 0.5178890366128821
080 40.457908293058416 18.535466631477476 0.06303557468183982
081 45.02482246353894 13.00935389190072 0.04703233309869051
082 53.415327049555295 22.832889167077447 -0.18246334895719835
083 59.5493305963359 21.124402824632718 1.088697311639339
084 41.830797763117914 23.338768001320304 0.7668996844048914
085 61.93404996760384 33.06442721952425 -0.03882855168079358
086 53.87822181858471 22.712218434792785 0.23935345691065174
087 59.43551283417422 22.572163075772785 0.17832510827457185
088 51.48578025886843 28.307269469887903 0.34174465645345553
089 56.50522990503576 19.833766501291116 0.1386170779183037
090 61.521631835392334 27.33552983653662 0.27694634160622517
091 61.78763258888693 26.95941522351893 0.5099251985139225
092 56.483300639237854 28.92904295214213 0.30793222829198696
093 63.833488108101726 30.598908058501387 -0.08036182949986276
094 58.83627883067211 32.663556441540834 -0.14795535079205746
095 56.284621941663175 28.5949688218216 0.21674869262859364
096 53.67935102010295 25.986917381939627 0.15247042413976927
097 53.53969169544645 30.52127985776059 -0.12158576444285726
098 47.66586059123994 27.09664748172848 0.17494361603389694
099 51.92576011047918 33.15883840595375 0.0876417098598101
100 49.548450705465896 31.10033412310779 0.00019784983399197265
101 60.07950228391047 26.518061440550937 0.06435921628408428
102 60.64934540923029 29.36817094837508 0.09058741707290019
103 58.62876176242701 24.660331618435993 0.05291758572451932
104 58.57308605909613 26.221516769710014 0.011665342065150632
105 52.76239755627645 27.642900687536034 -0.012159065348111842
106 54.69572779160589 26.725070845847473 0.12171741065163158
107 48.77171550873655 25.166376576934248 -0.0007005800985073231
108 53.924875740333 33.675436701675785 -0.028068620723263875
109 59.372607167897925 30.27210607503585 -0.0063694282671389255
110 57.70788197120726 36.7138452296314 0.0
111 55.00596853080669 25.921107260420875 0.0
112 58.74068153090933 37.36560127877312 0.0
113 57.38729829915065 35.53367897854012 1.0421784961269775
114 53.06073822071933 39.00492061225978 1.300805601588482
115 54.49972665527967 31.85051266553385 1.1473335761076897
116 66.47899011479402 39.550446878515785 0.36684730715480024
117 64.83532780341673 38.10462211348855 0.43350118251796643
118 63.701661844985175 32.628962456908056 -0.2886344502178373
119 58.054044539115715 33.492908074149824 -1.1561016436572626
120 63.78578713102468 31.064001001151492 5.554295872835854
121 69.8252560023657 34.957090073908084 -0.49133785695165333
122 54.30029292379848 32.01964244845339 6.7160964198388475
123 72.09876567178718 30.62798509879248 19.93301819570912
124 69.75264245357792 43.17260084169611 8.822656005648582
125 60.89929674328052 36.90375658773581 7.668113537264469
126 59.451222744432584 43.93544469785552 5.697316278565417
127 68.55884331867661 45.27040066498117 7.778524425149929
128 61.517169707854265 46.099407146852656 5.992395074762436
129 61.71587934983372 42.71329925900852 9.24425599722711
130 67.08243737405577 35.23224599727656 13.369778189903881
131 62.390029957824765 46.48827332921592 -1.2956958839024892
132 66.14827520708405 39.34710164332249 7.506587868584338
133 70.99024774466331 42.21383717113598 -4.414980057293217
134 77.56827348193366 43.7557110167326 10.254574074146003
135 70.4636994492965 54.040465643961355 6.674932522895578
136 84.18770612672165 43.14076177803965 10.081981927484925
137 64.97671808207912 41.70030248676899 -4.900119063621218
138 71.72963950243022 37.803182061982255 16.305016577281542
139 81.56662046940124 41.78701692467805 -0.6201021730924929
140 78.86341140810848 43.146812361425106 16.098852317202095
141 72.22576010113578 45.831142727078564 1.4593250551432957
142 70.91170605885091 46.53575518668052 0.884995190809826
143 77.23602547579542 46.4527471905296 2.0463549816986513
144 72.1407606817794 51.34304251333549 0.5580324050230214
145 71.36988813795537 43.00694300849854 2.3555020335339534
146 76.2536490813644 46.18658491093072 0.8117649881641036
147 69.60948445117603 40.61496431481761 1.7362012846702422
148 79.43920585491489 44.83216153571148 -0.8952876225754457
149 75.95719757798669 47.997014973290426 0.3668176424027214
150 66.05362054130407 52.46057965111355 2.8867594484677577
151 68.32896923412305 47.9788881610282 -0.1355128951484188
152 76.20448046341623 45.65577196969767 2.7310981017984974
153 74.3970599445975 47.41443749293917 2.0645416774920546
154 71.88438551697048 46.24301713355559 4.999540236602391
155 88.06341446653066 50.6601718291176 -1.5358684420085564
156 65.33332794960823 42.300666142721155 0.28511941482462
157 65.48767966347091 48.977590293791195 0.8066908491188429
158 63.69098113175466 48.227136490286775 1.1255618141721018
159 68.60487344363189 55.02602705165535 -0.7723311131985486
160 80.36543387003564 50.41925295638495 0.6688972255806398
161 77.34001088491368 52.47598144691109 -0.18538371106463192
162 74.21536447195464 53.234807973658974 -1.6512037508699449
163 75.7850832180538 44.787747290517075 -1.1724864857857182
164 72.78101961351955 57.162275204895 3.556846922719903
165 76.98075173732214 53.99500339642747 1.8747049721244564
166 76.72969330267534 57.5961463519914 1.3941942517141264
167 86.48594893402507 54.95164520013589 -1.4258636955824033
168 85.25658083763193 61.36520631829603 4.003378303560243
169 79.99154261811663 54.49398726458187 0.6314182061033725
170 87.98854018939886 62.2762152232001 0.3652323552703459
171 96.57599131594067 62.229691967235624 -1.1871950509215246
172 89.62243015893853 60.42217968207104 -1.3125581139127949
173 84.4743705521986 59.39079595977872 -0.8264932896762649
174 86.81871197072526 61.246288486217004 1.4236594529624211
175 93.28631245205177 63.37059741753121 1.992177869268386
176 91.40048115588928 61.74084847901569 1.419927590331086
177 81.3646493270352 57.19537940660859 1.4651928538514118
178 90.79435507427546 69.1716412180208 -0.06448603131381744
179 92.17314489374093 60.06137507095512 0.0033436027938371464
180 85.17630461031891 57.148366167809975 0.01457651782801371
181 93.27826988510313 61.05724287018033 -0.01827180159716122
182 93.36718991301709 61.46797526551093 -0.026033346190466697
183 87.49981082149111 62.47004162074286 -2.7012371130485078
184 88.1702490171736 61.80816948835494 0.417365204247677
185 92.36513939765568 64.75813991927937 0.7397630098559242
186 101.67612335134227 100.7 3.4408406587599316
187 82.24441615256427 64.22876906269833 -1.3886722550784376
188 90.2485806258704 67.70889811863728 4.268314447190261
189 89.71231592668815 54.277881130989456 2.2418665711775194
190 82.47555125257801 66.46431150860802 5.562412017518797
191 87.54574094921274 64.93514093266658 12.15097250355047
192 85.56497569652609 63.94664245078937 5.439824544336151
193 88.07351760359896 68.52015656743949 7.867479204397581
194 93.4793204599993 59.7800542864796 6.197932391153502
195 80.50415635759074 62.95674142749725 8.229553844389047
196 86.54648289692801 66.35527456054297 0.8205616721513582
197 93.98221000351238 64.11579114658251 9.81611594358177
198 95.78113729583436 67.1601359546665 4.685277494520484
199 94.45376429621513 65.68677654884134 6.070054438135134
200 91.81156492407858 64.89640664549722 3.6192843142405584
201 92.25244391791537 63.37831812964158 0.297163929644912
202 100.0324626955422 99.0 -0.01999487340684336
203 97.16337388634335 62.494858826168 -1.5798888592950817
204 94.55022935968931 64.46184748808916 4.628215722395135
205 94.15593820997775 69.09130643702241 1.6160494448273335
206 96.2694681387199 61.716733010405996 0.21206743743077872
207 95.84177549847041 68.43843989562185 1.3159556648615274
208 100.83990637071712 99.8 -1.3748246371259705
209 90.59734985782387 61.6138869427269 2.463072997264524
210 96.31188573176726 66.23069292187785 4.021813064896948
211 95.17004993948343 60.404795354653615 3.215677527788104
212 89.47722693311954 61.629646163213664 -1.8301852256817321
213 87.00521326089064 62.778864680832726 0.47339403414420933
214 90.2498210909599 63.13768707508151 4.30366237126471
215 95.4632058624938 62.304582951901374 1.0124196731284778
216 95.29896711637157 63.2030405530856 2.811199885318921
217 91.24389793939689 63.87895047171545 0.4690862238766751
218 98.07745478918686 59.33458429967624 4.192608440072346
219 86.19465499779203 67.98243658052941 4.503198474871926
220 89.48447194316978 60.12559630152787 3.8800970256211773
221 89.80976607607583 58.604749872867515 1.5888884977825875
222 95.71981724263021 59.40221497551131 5.498887930391513
223 88.63333723124036 60.4418715904908 1.2172655202181195
224 86.62698543007556 60.25829033649298 4.122816890476962
225 94.79330056123251 63.788865194195 1.6816703762315748
226 94.16689780032462 61.66806861580415 -0.3602587174817762
227 78.98748291101927 62.87665753030791 0.28101008458507204
228 77.25807229046677 64.17367917498105 -0.4436145299335046
229 89.26655986030684 65.41860216501772 -0.3762201009477011
230 89.62419714058845 66.19565284323514 -2.9179296956989313
231 94.75540524297114 63.591983096610605 1.773574672110393
232 82.41006229976453 61.013558265414794 2.5838123680690894
233 90.2056251281532 63.95005356009596 -0.15331041182935823
234 90.09214586780901 60.32267721358507 0.6857804453263291
235 90.26817677856403 60.42846595366542 0.5399045830605934
236 88.50177163553322 57.20222462256733 -0.9408440049371737
237 92.39724674332557 56.56786282523641 0.8762143891572052
238 84.28691994388443 60.540399963532664 0.613243711629256
239 84.08439534551961 61.525390895031066 1.2540268148694138
240 89.39849727607992 61.0499132615788 0.6123469773816957
241 88.46971798054997 57.87998861532666 1.628913628651404
242 86.03856393381139 60.896854538430496 -0.645374329780868
243 84.78636260923525 60.71524857144995 -1.0112587475230985
244 84.66797271965994 58.74814354273383 2.1414221863919973
245 88.99665300873308 57.958904259799155 0.5864506264401892
246 86.8142846933604 59.21596347507963 0.21212242311043594
247 92.76234064713316 59.325230759817465 0.37022198731335243
248 86.50254288533354 55.160159920257065 -0.05696312081919745
249 89.77153872960115 58.14496004795126 0.09204319395036331
250 91.02606861320825 58.1668393737667 0.0832169773960851
251 94.5973107723018 50.37458440620867 -0.1544191389313221
252 93.2780192818824 54.59026979363374 0.159064655494555
253 87.8122336667852 55.8269514545465 0.9841965884873972
254 94.53369476381297 54.62099609539574 1.176371852197048
255 93.20471542577133 48.09546276879791 0.2701705231226579
256 95.79723190887577 54.7964359918826 0.7533355066193238
257 93.76943574227943 63.02313625848837 0.3264393464795744
258 88.4407789484519 49.46496884773838 0.4913089933298459
259 89.27154939122335 54.236393885132316 2.681071033729337
260 81.4262709883767 63.582174589040285 2.7013033214577717
261 91.86836188581049 48.642223410242806 0.9052580795579637
262 89.41103858895053 48.49131744618814 0.6647436869633716
263 86.95508212597433 50.28180108898361 4.014749746970265
264 85.05003801811765 58.05368084167404 0.8343247039284409
265 82.0023162427494 42.8294615419543 0.6540377905616014
266 83.31648246013171 55.585649450500924 2.4001239343118845
267 85.37235899479319 51.80956653121845 3.3405675070961114
268 76.97353375074111 54.80308264473843 1.3113306521945969
269 80.09398889234384 52.935830048673516 -2.35845225010896
270 82.12727785467213 51.87303900292668 0.5758889532928129
271 92.43257325377138 54.61710715447307 1.21235463197636
272 87.68655851709157 51.43758717762259 2.4368326109609315
273 82.84470005895562 43.750681422307736 0.8329233812650717
274 85.76904388768787 49.8901662960737 2.7009089592480553
275 72.66837662345503 52.09408112681152 3.1834729018855117
276 81.57984079271961 50.40464279682436 2.5108910727038136
277 84.9465723562205 50.01335975886655 2.4289876345934145
278 82.122258951503 53.60940966441432 2.775203237583174
279 81.98254773140926 53.458596109083224 -0.06667706105017052
280 81.19618814068765 48.79929783548099 2.8571456378344204
281 72.09641454407803 44.73988844902617 2.08531654228877
282 62.11031283642685 42.26207363829746 1.927771513501877
283 59.610851171844715 44.898827811329255 1.3787451513837623
284 69.51812468555279 48.279277512133234 0.7398269836049652
285 78.24158439916059 47.774246350331815 0.08029431838362933
286 73.04882648922828 41.530947994912665 1.3745653069426393
287 69.29170020785298 38.53102660391859 2.5388771882101375
288 74.10164323461107 46.05887474681639 2.544688198155801
289 77.87762517650162 40.352777277837056 1.1502382829870301
290 69.97933147030284 39.1692209576364 1.0445601163611955
291 66.47512761222943 39.20889475999631 0.9444249911096179
292 71.59898893451283 44.11845916765542 0.35645509921752855
293 59.91970863972584 37.62817355548538 2.030239513929602
294 75.20844378131513 39.624504744587796 1.289838009004916
295 70.80212983806847 37.85445762129097 1.1274251953800647
296 62.76618561849228 33.91584893109998 1.0101434847241557
297 61.802288178303144 40.66402497009375 1.1647036398893036
298 70.1936551965497 36.78455082784096 -1.1725601834048245
299 64.97202282417821 28.16187018983662 -0.3200629698304047
300 64.54936084467724 32.903747068525234 0.0011821976584802923
301 73.47279478693886 34.62484067831837 0.031989950331585734
302 75.95576622761344 34.304784591925305 0.06759638063890898
303 61.054978533696946 26.932489818475574 -0.023119106087719672
304 60.93261267750051 36.500416511402605 0.01996373224820228
305 58.00803332172214 30.088176386299722 0.047975011305304474
306 62.794784875253484 33.43682110113698 0.016486520278921373
307 59.79635094511538 36.191853283824386 0.10656685598801952
308 62.93257718572349 28.45363414348403 0.6122862380807341
309 68.41449876751871 25.571592779669675 0.48824709887724566
310 59.667861126079956 36.112009690699175 0.3772684149649287
311 65.37909793430943 33.74834835635056 1.1972373341740732
312 69.5134831124591 33.31839737564063 0.2696348187145218
313 60.73026912702195 35.26868621633806 0.048662726146896984
314 58.94896166298301 31.392962541766153 0.7381232295449311
315 54.70440196453696 34.246139046886405 0.47937140503864645
316 55.273292389495104 29.847145704515817 -0.1322881700519889
317 55.786910558544434 18.39244352496825 0.6016523088419186
318 54.117985384920935 31.418164869926237 -0.2892641916750283
319 49.52837037668447 43.60695221119329 -0.05459258191760441
320 48.726892263236024 15.98282700949122 0.40800213797250395
321 55.20002498681838 27.94390457573872 0.432487568316705
322 56.03609328686991 17.961542248713815 -0.6448711361320922
323 50.873774711943966 15.63114324870989 -0.5329607079570564
324 43.74800279018448 28.905181869034195 -0.15181378900031522
325 44.38084246123301 14.298761184787878 1.332539960341626
326 46.73170700471131 10.120028826526204 -0.06702114085798455
327 53.48777483672856 21.108469077927587 0.7212394735207899
328 43.011834290036376 23.68543651619327 0.0
329 50.6627074063977 20.43331836193187 0.0
330 39.008406258962985 11.939313243197315 0.0
331 48.07375150230501 18.145611069620916 0.0
332 45.18597154847219 12.438341748925637 0.0
333 43.00131485132905 18.797615209046562 0.0
334 33.17457290055956 13.285414032858736 0.03417849664746068
335 47.55450866902758 11.412898211288717 -0.10683779011976982
336 51.08704158104329 15.529964119334943 0.08458049053134178
337 51.025611123540614 16.578533294288892 0.06885616148936265
338 36.20853502680275 15.238735299418773 0.054130165865027176
339 41.262640181322205 12.168480820314564 0.01716187354235726
340 39.49738764145657 10.859584597587986 0.15608009724755678
341 42.09128894240051 12.763009341582741 -0.011177010838654106
342 33.713857879778644 13.782981758403114 0.006348004771007054
343 48.99892372509165 17.115210690654823 -0.06520665854414089
344 47.67882798242548 13.736788114695514 0.033949799755276795
345 48.30522960244865 15.918750392736865 0.09896576392392861
346 50.25864609581955 19.165052636713476 0.18039106422521084
347 50.49377659526482 49.5 1.8714611874365383
348 49.56813722818224 14.90852509099455 1.6278371019111497
349 41.504902269167374 22.197233983785047 0.44326512132332907
350 46.75106310001471 15.858904555651906 0.9867988388566027
351 43.55008553109856 11.684936722410722 1.0773492921181984
352 37.91271587780217 15.84612940181712 -0.26837617534719427
353 43.779383977486724 17.89502485719597 0.6122563882311538
354 27.996326405505656 18.822459209779385 0.7998414709135323
355 22.76621060131282 21.8 0.46341890116812234
356 23.851391783300194 17.598935811431755 -0.6043924456921856
357 40.71429723543729 14.87715392320504 0.3767532482908841
358 45.539881775656625 13.049559233995051 1.6305899521256835
359 33.611605661177194 21.157339184795585 1.418517253172192
360 30.975174520611517 13.975226377483995 1.4492492535637918
361 24.202309168811496 23.2 0.7109637466669408
362 21.659335692996706 20.7 0.901931476157552
363 34.54409870912972 33.5 0.8603797238011598
364 44.37802918856451 11.617778271267932 -0.7249022909149696
365 27.18532669844531 14.772490215942966 1.708072229200624
