2007001   7.5 -15.7  -1.9   0.0   1.2 67.2
2007002   9.2 -13.1  -0.6   0.0   1.4 78.9
2007003   8.4  -8.6   4.5   0.0   1.3 73.5
2007004   8.3  -1.9   4.2   0.0   1.5 78.5
2007005   6.5 -11.0   6.2   0.0   1.5 80.4
2007006   8.7 -12.9   0.2   0.0   2.2 72.3
2007007   9.3  -2.5   2.0   0.0   2.2 70.3
2007008   9.1  -4.5   4.3   0.0   2.1 70.5
2007009   9.1  -6.0  -1.4   0.0   2.2 60.1
2007010   9.2  -8.1   6.0   0.0   1.8 75.0
2007011   8.5 -13.6   1.9   0.0   5.5 76.8
2007012   6.7 -13.6 -15.4   0.0   4.3 70.2
2007013   5.1 -13.6 -12.6   0.0   1.8 80.8
2007014   4.2 -20.5 -10.1   0.0   2.3 87.4
2007015   9.8 -17.8  -7.6   0.0   1.4 79.7
2007016  10.0 -20.3  -3.8   0.0   1.1 76.0
2007017  10.1 -18.7  -6.9   0.0   2.3 77.5
2007018  10.1 -12.9   0.4   0.0   1.8 74.1
2007019  10.1 -14.7  -0.3   0.0   1.4 73.2
2007020   4.0 -19.9  -3.8   0.0   1.4 86.6
2007021   6.0  -9.1  -6.0   0.0   1.7 98.1
2007022  10.8 -16.9  -4.5   0.0   1.5 88.4
2007023   9.5 -10.8   5.4   0.0   1.7 73.9
2007024  10.6  -4.8   3.7   0.0   1.7 81.7
2007025  10.7  -9.6   5.2   0.0   1.4 82.0
2007026  11.2 -10.7   2.6   0.0   1.9 70.3
2007027  11.2 -12.4  -6.2   0.0   2.4 76.0
2007028  11.0 -20.6   2.1   0.0   1.5 75.7
2007029  12.3  -7.9   2.1   0.0   2.3 65.8
2007030  12.1 -21.1  -6.2   0.0   1.8 74.4
2013031   8.8 -15.5  -9.0   0.0   2.5 71.7
2013032   9.0  -5.7   9.9   0.0   1.4 65.7
2013033  12.5  -1.8  12.0   0.0   1.9 61.4
2013034  10.3  -7.4  11.2   0.0   1.7 62.1
2013035  11.2  -4.2  13.3   0.0   1.4 52.9
2013036  12.3  -1.6  13.1   0.0   1.7 59.8
2013037  11.1   0.1  13.3   0.0   2.8 49.6
2013038  13.2  -9.3  13.4   0.0   1.5 58.9
2013039   9.9  -5.4  12.6   0.0   5.5 60.0
2013040   9.3  -9.8  12.1   0.0   3.6 66.8
2013041   5.9  -1.9   3.5   0.0   3.3 86.6
2013042  13.7 -10.0  -0.2   0.0   1.4 68.5
2013043  14.2  -5.7   1.8   0.0   1.5 67.8
2013044  13.3  -2.5  13.9   0.0   1.7 65.3
2013045   7.0  -4.7   2.6   0.0   2.0 70.4
2013046  10.7  -9.4   1.1   0.0   1.7 68.3
2013047  12.9  -9.7   9.9   0.0   1.9 60.2
2013048  11.0  -3.7  12.5   0.0   1.6 57.7
2013049  13.1  -9.7   4.4   0.0   3.6 63.4
2013050  15.3 -10.1  -0.1   0.0   2.4 67.2
2013051   3.7 -12.4  -4.0   0.0   3.7 74.4
2013052   5.5 -12.4  -7.0   0.0   3.5 95.9
2013053  16.1 -13.7  -3.2   0.0   1.4 88.0
2013054  16.2 -12.0   2.8   0.0   1.3 79.3
2013055  10.4  -7.0   0.5   0.0   2.6 84.7
2013056  16.1  -6.1   4.2   0.0   1.6 81.5
2013057  15.5 -11.3   2.4   0.0   1.2 69.1
2013058  11.4  -2.7   4.3   0.0   3.2 77.2
2011059  16.9  -9.4  11.0   0.0   2.5 61.1
2011060  16.6 -13.7  19.0   0.0   2.7 55.9
2011061  13.6 -11.5   0.7   0.0   3.0 73.1
2011062  16.2  -6.6  21.2   0.0   1.7 59.6
2011063   9.3 -13.6   0.2   0.0   3.5 72.6
2011064  15.9  -9.5   5.9   0.0   2.9 71.0
2011065  14.9  -5.5   8.7   0.0   5.1 66.9
2011066   8.1  -5.5 -12.0   0.0   4.4 91.5
2011067   9.4  -9.3  -7.2   0.5   2.5 98.3
2011068  18.9  -9.4   4.8   4.8   1.4 76.7
2011069  19.4  -8.0  19.5   0.0   1.7 64.4
2011070  17.3   2.6  12.5   0.0   2.7 53.5
2011071  16.3  -2.7  12.7   0.0   1.9 58.9
2011072   5.2  -2.7   2.3   1.5   2.4 88.6
2011073  15.0  -5.7  11.9   0.0   4.4 69.7
2011074  19.3  -0.0  14.1   0.0   2.3 62.0
2011075  16.3   1.6  20.7   0.0   3.1 58.0
2011076  15.5   3.1  13.3   0.0   2.4 54.9
2011077  17.9  -0.9  14.1   1.3   2.4 64.9
2011078  16.0   2.9  13.6   0.0   5.2 64.9
2011079  18.2   0.7  19.6   0.0   2.2 57.6
2011080   6.4   7.3  11.2   0.0   4.0 78.7
2011081  14.6   0.6  22.4   0.0   2.8 58.3
2011082  20.4  -7.5   9.4   0.0   3.4 62.5
2011083  16.8  -9.6   7.7   0.0   3.3 70.6
2011084   5.1  -9.6   2.5   0.0   3.0 91.9
2011085   3.7  -4.6   1.0   1.5   2.6 99.0
2011086   4.0  -7.2   3.3   0.0   3.7 96.6
2011087   5.5  -3.9  -1.3   1.3   3.7 99.0
2011088   6.1  -1.4   5.0   0.0   1.6 86.5
2011089  12.3   3.7  11.8   1.3   2.9 78.7
2012090  21.6   5.1  23.0   0.0   1.9 51.6
2012091  21.9   8.5  31.1   0.0   1.7 40.8
2012092  21.2  14.2  32.3   0.0   2.8 57.7
2012093  20.0   5.3  16.9   0.0   6.3 65.3
2012094   4.4   8.5   9.6   0.0   5.5 69.4
2012095   5.6   8.7   8.9   1.8   2.5 71.2
2012096  17.0   7.2  18.4   0.0   2.8 77.7
2012097   7.0   6.7  12.5   0.0   6.5 84.3
2012098  24.1  -2.7  12.2   0.0   2.1 42.0
2012099  23.6   2.4  16.1   0.0   2.7 41.6
2012100  21.4  -0.2  20.2   0.0   2.2 56.5
2012101  17.4  -0.2  18.4   0.0   2.6 60.0
2012102   9.7   1.6  14.7   0.0   4.4 45.1
2012103   3.0   4.6  11.1  25.1   5.0 78.4
2012104  22.0   7.6  18.6   0.3   2.0 66.1
2012105  10.3   6.7  23.2  26.9   2.5 78.1
2012106   8.7   8.6  13.3   7.4   3.4 84.4
2012107  16.3  -2.9   9.0   0.3   1.8 73.4
2012108  23.0  -0.7  22.8   0.0   2.4 60.2
2012109  22.1   8.8  19.5   0.0   2.1 69.0
2012110  14.3   4.1  12.8   8.6   3.0 82.7
2012111  22.4   2.4  19.9   0.0   2.3 65.3
2012112  19.9   7.9  16.0   0.0   3.2 59.5
2012113  26.0   8.4  20.4   0.0   2.5 52.4
2012114  26.2  -2.6  23.7   0.0   2.6 52.1
2012115  25.9  11.4  30.6   0.0   1.4 43.3
2012116  24.6   9.6  32.0   0.0   2.2 48.3
2012117   8.9  13.4  19.2   1.3   3.0 74.6
2012118   3.0   5.2  16.3  18.8   3.1 86.3
2012119  25.1   7.6  17.7   0.3   1.9 64.9
2023120  26.8  -3.0  12.0   0.0   3.8 35.4
2023121  27.2  -2.5  20.7   0.0   1.8 45.0
2023122  27.4  -3.5  19.8   0.0   1.5 43.4
2023123  24.9   4.0  24.2   0.0   3.3 34.7
2023124  24.3  10.6  24.9  16.8   3.3 62.0
2023125  26.0  12.6  24.3  14.5   2.3 67.8
2023126  24.5   9.0  22.2   0.3   1.4 64.9
2023127  19.0   8.6  25.3   0.3   2.3 68.0
2023128  27.1   9.1  26.5   0.0   1.9 59.8
2023129  22.4  12.1  17.4   2.8   2.4 71.1
2023130  14.9  13.8  20.3  22.4   3.4 80.3
2023131  16.9  12.8  24.6  21.1   2.7 75.7
2023132  12.4  15.6  16.7  24.6   2.8 87.4
2023133  18.5  12.6  17.8   1.0   4.1 76.4
2023134   4.5   8.5  13.3   0.3   4.0 87.3
2023135   5.8   6.5  13.4   0.3   3.0 90.6
2023136  25.3   7.1  25.5   0.0   1.2 68.6
2023137  23.6  10.0  22.8   4.3   2.3 67.9
2023138  16.2  13.4  16.6   0.0   1.8 71.7
2023139  26.8   1.6  21.1   0.0   3.8 63.1
2023140  26.9   4.2  26.6   0.0   2.5 68.5
2023141  23.4   7.1  25.4   0.0   2.8 64.5
2023142  22.6  13.7  24.3   0.0   3.1 68.8
2023143  22.1  15.5  23.4   0.0   3.1 73.5
2023144  23.3  14.7  23.9   0.0   3.3 70.0
2023145  21.3  16.6  25.2   3.8   3.4 73.8
2023146   6.4  12.1  21.4  22.1   4.1 81.8
2023147  24.1  15.1  22.2   1.5   4.8 75.5
2023148  20.2  15.1  26.6  31.5   3.0 82.3
2023149  23.7  12.3  27.2   3.3   3.2 75.1
2023150  27.0  11.2  24.7   0.0   2.5 75.5
2005151  14.2  11.2  21.1  19.0   1.5 73.6
2005152  26.2  12.8  22.8   0.0   3.8 69.0
2005153  11.6  12.8  20.1  37.0   2.9 88.5
2005154  15.3  11.0  24.4  22.0   1.8 81.7
2005155  20.9  11.4  23.1   7.0   1.9 75.0
2005156  25.7  11.8  29.5   0.0   1.7 66.2
2005157  26.9  15.2  30.1   0.0   4.8 68.2
2005158  27.8  16.7  28.3   0.0   3.3 62.7
2005159  29.2  11.3  29.9   0.0   1.5 55.8
2005160   8.6  15.5  26.1   0.8   2.6 77.7
2005161  10.3  15.6  21.7  20.8   2.5 87.2
2005162  22.9  11.1  21.6   0.0   1.6 73.8
2005163  13.0  10.2  18.3   7.4   3.1 86.8
2005164  13.5  12.5  13.5   3.0   2.3 84.4
2005165  28.1  12.1  25.6   0.0   1.5 63.1
2005166  27.2  10.3  30.6   0.0   2.9 68.9
2005167  22.6  16.7  25.2   9.1   2.7 76.1
2005168  23.2  15.5  29.7   0.0   3.9 76.0
2005169  18.6  19.0  30.4   0.0   4.0 80.6
2005170  19.2  20.3  29.6   0.0   3.5 73.4
2005171  26.1  21.2  31.6   2.5   3.1 73.2
2005172  25.4  17.7  29.0   0.3   3.7 66.5
2005173  27.0  18.2  33.3   0.0   2.9 70.7
2005174  27.6  20.3  31.5   0.0   2.7 55.0
2005175  23.0  20.3  27.3   0.0   3.7 65.0
2005176  25.6  19.4  32.1  14.7   2.8 68.3
2005177  25.7  19.1  34.8   0.8   2.9 65.6
2005178  26.5  14.1  27.4   0.3   1.9 73.1
2005179  26.8  13.9  26.4   0.0   2.1 73.5
2005180  27.4  16.6  26.5   0.3   1.9 63.4
2009181  28.5  20.4  31.4   0.0   2.6 58.5
2009182  27.7  15.1  29.8   0.0   2.2 66.7
2009183  26.1  13.8  27.2   8.4   2.3 72.9
2009184  12.0  19.1  24.9   0.8   2.1 78.0
2009185  17.7  15.8  25.8   0.0   2.6 76.4
2009186  24.5   8.9  25.4   0.0   1.5 59.5
2009187  26.6  15.4  29.4   0.0   3.0 58.1
2009188  27.6  16.6  28.0   0.0   2.0 57.8
2009189  27.3  21.6  33.0   0.0   3.4 67.6
2009190  16.7  19.4  24.4   0.0   2.8 81.9
2009191  14.8  18.9  30.8   0.0   2.3 74.4
2009192  19.7  19.7  24.7   0.0   3.3 75.7
2009193  24.5  21.0  27.6  15.0   2.1 73.6
2009194  24.3  20.2  27.3   6.6   3.6 74.5
2009195  27.2  15.1  28.8   0.0   1.8 62.2
2009196  25.6  15.4  31.5   0.0   2.0 67.8
2009197  24.0  13.8  26.2   5.8   2.7 73.6
2009198  18.7  17.1  24.8   6.3   1.1 76.1
2009199  27.1  10.8  28.7   0.0   1.4 67.7
2009200  26.4  16.8  30.3   0.0   3.6 70.9
2009201  21.6  14.2  31.7   4.1   3.1 74.8
2009202  27.8   8.6  22.4   0.0   2.0 64.7
2009203  20.6  15.5  27.0   4.6   2.2 67.1
2009204  26.1  11.5  33.4   0.0   2.5 69.8
2009205  26.8  15.6  35.8   1.5   1.7 70.4
2009206  24.1  20.2  29.4   0.0   1.1 66.4
2009207  25.6  16.9  27.9   0.0   1.5 66.7
2009208  14.9  14.7  29.3  17.5   2.0 73.4
2009209  13.2  17.0  22.2   1.0   2.0 75.8
2009210  13.2  12.3  20.7   3.3   2.0 75.9
2009211  25.1   9.7  26.0   0.0   1.2 64.0
2023212  24.5  19.7  30.7   3.3   2.1 72.1
2023213  23.3  20.4  32.1   0.3   1.6 72.4
2023214  22.8  22.1  32.5   4.3   1.6 69.9
2023215  19.6  22.4  27.7  12.4   1.7 78.5
2023216  24.0  15.7  28.7  20.6   2.0 72.5
2023217  24.9  16.6  31.9   0.0   3.1 67.9
2023218  20.1  13.7  28.5   0.0   3.9 68.9
2023219  12.3  10.1  19.0  19.1   1.4 80.0
2023220  19.5  12.1  27.4   0.3   1.4 79.9
2023221  23.7  14.3  26.0   1.8   1.6 71.1
2023222  23.0  13.3  29.4   0.0   2.4 64.8
2023223  25.4  16.2  29.3   0.0   1.1 68.7
2023224  19.1  13.4  24.3   0.0   2.4 67.0
2023225  15.9   9.0  18.4   0.0   2.9 73.8
2023226  24.3   8.9  28.5   0.0   2.5 65.7
2023227  25.4   9.4  33.6   0.0   2.2 61.9
2023228  24.5  15.9  34.1   0.0   2.3 54.9
2023229  22.8  13.4  24.6   0.0   1.7 65.4
2023230  22.8  16.4  35.4   0.0   4.9 55.5
2023231  23.7  20.1  36.0   0.0   2.5 62.0
2023232  20.6  23.3  30.4   0.0   2.5 66.8
2023233  23.9  23.0  35.6   0.0   4.4 48.5
2023234  23.4  20.7  37.8   0.0   5.2 40.3
2023235  21.3  19.5  37.8   0.0   2.9 48.2
2023236  22.8  21.9  35.3   0.0   2.5 41.5
2023237  15.7  20.6  30.8   0.0   3.6 62.9
2023238  22.4  10.9  24.8   0.0   1.4 64.1
2023239  23.0  10.3  31.6   0.0   1.8 62.7
2023240  17.9  14.5  25.7   0.0   1.9 61.9
2023241  21.0   9.0  32.1   0.0   1.7 59.3
2023242  22.1  12.2  30.8   0.0   3.4 61.4
2017243  20.1  19.4  25.4   0.0   3.5 58.8
2017244  13.6  18.4  26.6   1.0   3.2 67.4
2017245  21.4   8.2  30.4   0.0   1.6 65.9
2017246  21.6  17.8  32.8   0.0   1.9 57.0
2017247  18.0  12.5  21.2   0.0   1.9 65.9
2017248  23.0   3.9  23.9   0.0   1.6 57.3
2017249  21.0   4.7  19.8   0.0   1.0 59.0
2017250  20.8   5.4  26.0   0.0   1.8 62.2
2017251  20.2  12.1  29.0   0.0   1.8 63.3
2017252  16.0  16.3  28.5   1.3   4.8 54.9
2017253  20.3  14.8  29.2   0.0   4.8 49.8
2017254  20.3  11.9  33.2   0.0   1.9 59.5
2017255  20.5  13.6  33.8   0.0   2.2 56.8
2017256  19.5  14.2  31.3   1.3   2.3 48.2
2017257  19.1  14.3  35.9   3.0   1.4 55.8
2017258  19.1  19.6  30.9   2.3   1.6 61.1
2017259  15.0   8.8  16.0   0.3   3.0 73.7
2017260  17.5   5.0  21.1   0.0   1.7 66.0
2017261  16.4  12.1  25.4   0.0   2.5 60.0
2017262  16.1   9.0  33.1   0.0   4.0 54.3
2017263  20.2   5.2  22.5   0.0   1.4 52.5
2017264  19.8   6.4  35.7   0.0   3.2 52.9
2017265  15.7  18.7  36.5   0.0   5.2 50.0
2017266   2.6  18.7  10.0  39.6   2.9 83.4
2017267   4.1  18.7   8.5  52.0   2.7 91.3
2017268   3.0  18.7  11.2  18.0   2.9 91.3
2017269  18.6   4.4  16.0   0.0   1.2 69.2
2017270  17.8   3.1  20.3   0.0   0.9 64.4
2017271  10.6   2.8  23.9   0.0   0.6 64.1
2017272   8.9   9.1  21.6   0.3   1.2 67.6
2004273   8.8  10.4  20.8   0.0   3.2 81.9
2004274  12.0  15.2  25.6   0.0   4.3 70.0
2004275  13.7   1.9  14.9   3.0   2.5 65.3
2004276  15.6   1.2  20.7   0.0   3.3 66.7
2004277  16.1   4.8  21.3   0.0   1.6 64.1
2004278  16.5   3.2  16.3   0.0   2.3 68.9
2004279  14.5   8.2  21.9   0.0   3.8 68.3
2004280   3.4  10.8  15.5  10.0   3.6 93.8
2004281  13.3   6.2  23.9   0.0   1.4 66.5
2004282  16.0   6.8  23.8   0.0   1.8 61.9
2004283  15.9   9.6  22.7   0.0   3.6 68.1
2004284  11.1   9.2  21.0   0.0   2.6 73.6
2004285   6.6   9.6  18.6   0.0   1.1 72.9
2004286  14.1  10.7  21.7   0.0   1.4 67.4
2004287   8.1  -0.5   7.5   1.0   2.2 66.0
2004288   6.0  -0.1  15.1   0.0   1.4 75.0
2004289   3.7   2.6   8.4   5.0   1.4 81.3
2004290  11.5  -3.6  13.4   0.0   2.1 78.7
2004291  13.0   4.7  17.5   0.0   1.8 74.8
2004292  10.7   7.0  17.7   9.0   2.2 79.4
2004293   9.8   9.4  19.3   0.0   1.8 69.3
2004294   2.9  10.8  12.3   0.0   3.3 93.3
2004295   3.5   7.0  12.8   0.0   2.3 86.7
2004296   9.6   9.9  23.9   0.0   2.4 68.4
2004297  12.6   3.7  16.4   0.0   2.2 58.9
2004298  10.1   3.4  14.5   0.0   2.1 69.5
2004299  11.3  -1.3  11.8   0.0   1.7 65.5
2004300  11.8  -2.2  19.5   0.0   1.2 72.4
2004301   2.6   1.8  21.3   0.0   3.0 96.4
2004302  10.5  15.3  25.7   0.0   3.7 62.3
2004303   9.7  10.7  12.9   0.0   3.5 59.3
2019304  13.3 -11.6   8.0   0.0   2.2 56.8
2019305   7.5  -7.8   4.1   2.0   2.3 62.5
2019306  12.9  -8.2  11.9   0.0   2.1 53.2
2019307  10.6  -4.2  14.5   0.0   2.1 51.3
2019308   2.1  -0.6   9.0   2.3   0.7 84.8
2019309   8.8   3.0  11.8   0.0   2.5 73.2
2019310   1.9  -6.7   5.1   0.0   3.4 85.3
2019311   9.8 -12.2   6.9   0.0   2.3 67.2
2019312  11.9  -9.0  18.5   0.0   2.5 54.4
2019313  11.2   3.1  17.1   0.0   2.0 44.8
2019314   8.9  -4.7   4.0   4.1   3.6 77.7
2019315  11.9 -14.1  -7.9   0.0   4.4 70.8
2019316  11.4 -13.3   4.4   1.5   2.6 60.5
2019317   7.4  -4.2   4.2   0.0   2.3 75.0
2019318  11.1  -3.8  13.9   0.8   2.0 67.3
2019319  10.0  -1.6  16.2   1.5   2.6 60.4
2019320   5.4  -0.8  19.6   0.0   2.5 57.2
2019321  10.5   0.6  12.6   0.0   2.5 60.1
2019322  10.3  -1.1  23.5   0.0   3.0 49.8
2019323   9.7  -8.9  13.5   0.0   2.5 60.4
2019324   8.8  -7.4  16.6   0.0   3.7 71.3
2019325   7.0  -6.4   1.0   0.0   3.8 63.9
2019326   6.2  -6.2   0.5   0.0   1.9 68.8
2019327  10.4  -7.8  14.3   0.0   2.5 56.9
2019328   9.1   2.6  20.9   0.0   2.3 43.1
2019329   9.1   2.1   6.0   0.3   2.1 49.9
2019330   2.5  -7.0  -3.1   0.0   5.3 81.7
2019331  10.0 -17.0   0.8   0.0   1.5 78.5
2019332   4.7  -5.4   2.5   0.5   4.1 89.8
2019333   2.1  -5.4  -2.5   0.0   2.8 95.9
2021334   8.1   1.3  19.3   0.0   2.4 54.6
2021335   8.5   3.1  22.3   0.0   2.5 57.5
2021336   8.6   3.3  20.2   0.0   2.5 41.4
2021337   9.6  -1.3  17.6   0.0   3.8 43.6
2021338   7.0  -8.1   8.1   0.0   3.0 77.3
2021339   7.0   1.1   5.5   0.0   5.2 59.3
2021340   6.3 -11.0  -2.9   0.0   3.1 59.4
2021341   8.1 -10.0   9.6   0.0   2.1 54.6
2021342   7.5  -4.2  14.4   0.0   2.4 55.7
2021343   7.8   2.2  13.7   0.0   2.0 47.6
2021344   1.0  -9.6   1.0   0.0   4.0 74.3
2021345   8.5  -3.9   6.1   0.3   3.0 54.5
2021346   8.7  -4.6  14.8   0.0   1.8 45.2
2021347   7.8  -3.7  13.0   0.0   1.5 57.0
2021348   5.1  -3.7  11.8   0.0   1.7 56.0
2021349   4.2  -6.2  20.0   7.9   5.0 59.3
2021350   8.3  -4.0   9.1   0.0   2.1 53.3
2021351   8.4  -7.2   6.0   0.0   3.4 55.8
2021352   8.4 -12.0  -2.9   0.0   2.2 60.2
2021353   8.1  -7.3  14.9   0.0   3.0 43.7
2021354   8.3  -8.3   1.6   0.0   2.6 62.4
2021355   7.9  -6.1   7.9   0.0   2.7 57.4
2021356   8.1  -8.2  11.2   0.0   2.1 47.2
2021357   4.9   2.6  13.3   0.0   1.9 34.0
2021358   6.0  -0.2  11.1   0.0   2.4 55.5
2021359   8.3  -3.7  12.1   0.0   2.5 49.6
2021360   7.7  -7.0  13.7   0.0   2.4 54.3
2021361   6.0  -3.9   5.9   0.0   4.1 33.7
2021362   8.2 -10.7  -1.8   0.0   2.8 46.5
2021363   7.7 -15.4  -0.0   0.0   1.8 55.3
2021364   8.4 -12.9  13.5   0.0   1.9 47.0
