001 6.0 -11.0 0.0
002 21.0 -10.0 0.0
003 15.0 -3.0 0.0
004 25.0 -9.0 0.0
005 30.0 29.0 0.0
006 22.0 -4.0 0.0
007 31.0 -1.0 0.0
008 33.0 1.0 1.0
009 42.0 10.0 0.0
010 33.0 3.0 0.0
011 27.0 -0.0 1.0
012 20.0 11.0 1.0
013 33.0 32.0 0.0
014 27.0 18.0 0.0
015 50.0 14.0 0.0
016 39.0 38.0 0.0
017 41.0 13.0 0.0
018 44.0 43.0 1.0
019 36.0 17.0 0.0
020 40.0 0.0 0.0
021 41.0 12.0 0.0
022 37.0 15.0 0.0
023 35.0 18.0 0.0
024 43.0 0.0 0.0
025 30.0 14.0 0.0
026 41.0 24.0 0.0
027 40.0 20.0 0.0
028 40.0 39.0 0.0
029 41.0 18.0 0.0
030 50.0 21.0 0.0
031 53.0 17.0 0.0
032 45.0 20.0 0.0
033 41.0 17.0 0.0
034 41.0 23.0 0.0
035 43.0 14.0 0.0
036 41.0 22.0 0.0
037 42.0 41.0 1.0
038 42.0 10.0 0.0
039 39.0 22.0 0.0
040 53.0 19.0 0.0
041 50.0 19.0 0.0
042 37.0 17.0 0.0
043 37.0 15.0 0.0
044 43.0 18.0 0.0
045 64.0 12.0 0.0
046 52.0 11.0 0.0
047 46.0 15.0 0.0
048 47.0 14.0 0.0
049 51.0 15.0 0.0
050 50.0 10.0 0.0
051 48.0 19.0 0.0
052 45.0 20.0 0.0
053 45.0 13.0 0.0
054 60.0 15.0 0.0
055 42.0 22.0 0.0
056 54.0 21.0 0.0
057 45.0 11.0 0.0
058 39.0 38.0 0.0
059 50.0 25.0 0.0
060 43.0 17.0 0.0
061 50.0 49.0 0.0
062 49.0 16.0 0.0
063 48.0 24.0 0.0
064 36.0 23.0 0.0
065 30.0 10.0 0.0
066 32.0 17.0 0.0
067 35.0 19.0 0.0
068 35.0 3.0 0.0
069 63.0 5.0 1.0
070 39.0 38.0 1.0
071 41.0 40.0 0.0
072 33.0 12.0 0.0
073 53.0 13.0 0.0
074 62.0 14.0 0.0
075 32.0 27.0 0.0
076 48.0 19.0 0.0
077 63.0 17.0 0.0
078 49.0 27.0 0.0
079 64.0 23.0 0.0
080 43.0 22.0 0.0
081 30.0 22.0 0.0
082 53.0 18.0 0.0
083 51.0 15.0 0.0
084 43.0 25.0 0.0
085 57.0 26.0 0.0
086 48.0 25.0 0.0
087 61.0 29.0 0.0
088 62.0 28.0 0.0
089 61.0 29.0 0.0
090 57.0 27.0 0.0
091 52.0 28.0 0.0
092 61.0 30.0 0.0
093 61.0 31.0 0.0
094 58.0 33.0 0.0
095 56.0 27.0 0.0
096 55.0 30.0 0.0
097 63.0 28.0 0.0
098 57.0 30.0 0.0
099 63.0 31.0 0.0
100 49.0 24.0 0.0
101 59.0 29.0 0.0
102 53.0 28.0 0.0
103 54.0 22.0 0.0
104 48.0 35.0 0.0
105 54.0 32.0 0.0
106 56.0 26.0 0.0
107 58.0 26.0 0.0
108 54.0 32.0 0.0
109 68.0 28.0 0.0
110 51.0 28.0 0.0
111 60.0 27.0 0.0
112 55.0 32.0 0.0
113 64.0 30.0 0.0
114 68.0 28.0 1.0
115 59.0 34.0 0.0
116 64.0 27.0 1.0
117 61.0 37.0 1.0
118 74.0 33.0 0.0
119 64.0 39.0 3.0
120 59.0 37.0 1.0
121 63.0 34.0 4.0
122 62.0 41.0 3.0
123 74.0 33.0 3.0
124 64.0 37.0 1.0
125 62.0 42.0 6.0
126 67.0 41.0 14.0
127 69.0 45.0 1.0
128 73.0 33.0 12.0
129 64.0 45.0 1.0
130 72.0 36.0 7.0
131 69.0 50.0 5.0
132 62.0 43.0 5.0
133 68.0 45.0 8.0
134 69.0 42.0 3.0
135 75.0 45.0 4.0
136 79.0 46.0 3.0
137 74.0 42.0 5.0
138 71.0 45.0 5.0
139 75.0 47.0 2.0
140 70.0 49.0 2.0
141 61.0 49.0 7.0
142 81.0 46.0 0.0
143 66.0 45.0 1.0
144 83.0 49.0 1.0
145 74.0 50.0 0.0
146 77.0 47.0 3.0
147 71.0 51.0 0.0
148 72.0 50.0 0.0
149 57.0 44.0 3.0
150 80.0 49.0 0.0
151 76.0 46.0 2.0
152 81.0 44.0 1.0
153 81.0 51.0 1.0
154 73.0 46.0 0.0
155 74.0 48.0 3.0
156 76.0 52.0 2.0
157 76.0 44.0 2.0
158 81.0 41.0 1.0
159 75.0 45.0 3.0
160 78.0 50.0 2.0
161 85.0 52.0 1.0
162 74.0 50.0 0.0
163 84.0 50.0 1.0
164 84.0 53.0 1.0
165 82.0 53.0 1.0
166 86.0 56.0 1.0
167 86.0 53.0 2.0
168 77.0 58.0 1.0
169 84.0 55.0 1.0
170 83.0 56.0 2.0
171 88.0 62.0 2.0
172 91.0 57.0 3.0
173 91.0 59.0 0.0
174 90.0 64.0 1.0
175 90.0 63.0 0.0
176 95.0 57.0 2.0
177 92.0 64.0 1.0
178 92.0 68.0 0.0
179 95.0 63.0 0.0
180 87.0 64.0 0.0
181 92.0 70.0 0.0
182 91.0 63.0 0.0
183 90.0 73.0 1.0
184 94.0 64.0 3.0
185 89.0 61.0 0.0
186 93.0 68.0 4.0
187 88.0 65.0 0.0
188 88.0 62.0 1.0
189 92.0 64.0 1.0
190 92.0 62.0 2.0
191 94.0 61.0 7.0
192 89.0 53.0 10.0
193 89.0 62.0 6.0
194 90.0 68.0 2.0
195 83.0 59.0 6.0
196 87.0 63.0 0.0
197 99.0 63.0 3.0
198 95.0 70.0 10.0
199 94.0 62.0 5.0
200 91.0 64.0 3.0
201 101.0 100.0 2.0
202 95.0 64.0 6.0
203 94.0 64.0 2.0
204 95.0 63.0 2.0
205 88.0 67.0 4.0
206 92.0 66.0 3.0
207 94.0 68.0 0.0
208 91.0 63.0 0.0
209 91.0 67.0 1.0
210 90.0 65.0 4.0
211 83.0 67.0 6.0
212 91.0 63.0 5.0
213 90.0 60.0 3.0
214 101.0 100.0 2.0
215 89.0 64.0 1.0
216 88.0 63.0 6.0
217 90.0 63.0 2.0
218 92.0 65.0 1.0
219 91.0 63.0 1.0
220 86.0 63.0 2.0
221 89.0 64.0 4.0
222 81.0 63.0 2.0
223 91.0 66.0 4.0
224 93.0 60.0 8.0
225 94.0 67.0 4.0
226 88.0 63.0 1.0
227 95.0 59.0 1.0
228 92.0 61.0 1.0
229 90.0 61.0 1.0
230 91.0 63.0 0.0
231 91.0 61.0 1.0
232 93.0 64.0 3.0
233 79.0 62.0 2.0
234 91.0 63.0 1.0
235 78.0 59.0 1.0
236 87.0 64.0 2.0
237 84.0 64.0 0.0
238 93.0 57.0 1.0
239 87.0 60.0 0.0
240 89.0 59.0 0.0
241 87.0 59.0 0.0
242 83.0 55.0 0.0
243 84.0 63.0 1.0
244 89.0 58.0 1.0
245 89.0 59.0 3.0
246 90.0 60.0 1.0
247 89.0 55.0 0.0
248 90.0 61.0 0.0
249 86.0 52.0 0.0
250 90.0 58.0 0.0
251 91.0 50.0 0.0
252 95.0 54.0 0.0
253 88.0 58.0 1.0
254 97.0 57.0 1.0
255 95.0 58.0 1.0
256 95.0 50.0 0.0
257 86.0 52.0 0.0
258 90.0 57.0 1.0
259 87.0 52.0 1.0
260 87.0 48.0 0.0
261 77.0 55.0 5.0
262 87.0 61.0 2.0
263 91.0 62.0 1.0
264 88.0 56.0 0.0
265 76.0 52.0 2.0
266 84.0 52.0 2.0
267 83.0 42.0 1.0
268 85.0 54.0 2.0
269 78.0 49.0 5.0
270 71.0 50.0 1.0
271 89.0 51.0 1.0
272 77.0 45.0 1.0
273 85.0 44.0 0.0
274 80.0 45.0 0.0
275 73.0 46.0 3.0
276 88.0 51.0 0.0
277 80.0 51.0 2.0
278 75.0 50.0 1.0
279 85.0 49.0 1.0
280 61.0 49.0 2.0
281 78.0 48.0 0.0
282 74.0 49.0 1.0
283 72.0 46.0 1.0
284 74.0 46.0 0.0
285 60.0 41.0 1.0
286 72.0 43.0 1.0
287 82.0 42.0 1.0
288 73.0 37.0 1.0
289 88.0 45.0 2.0
290 69.0 41.0 3.0
291 72.0 41.0 2.0
292 64.0 42.0 2.0
293 70.0 31.0 1.0
294 69.0 30.0 1.0
295 67.0 33.0 0.0
296 74.0 30.0 2.0
297 58.0 34.0 1.0
298 66.0 31.0 0.0
299 67.0 37.0 2.0
300 78.0 37.0 0.0
301 71.0 35.0 0.0
302 66.0 32.0 0.0
303 56.0 29.0 0.0
304 53.0 30.0 0.0
305 58.0 27.0 0.0
306 66.0 29.0 0.0
307 72.0 27.0 0.0
308 70.0 34.0 1.0
309 60.0 31.0 0.0
310 61.0 29.0 0.0
311 62.0 31.0 1.0
312 64.0 37.0 1.0
313 67.0 39.0 0.0
314 60.0 36.0 1.0
315 47.0 32.0 0.0
316 49.0 20.0 1.0
317 48.0 20.0 1.0
318 42.0 20.0 0.0
319 48.0 34.0 0.0
320 52.0 31.0 0.0
321 43.0 30.0 1.0
322 44.0 17.0 0.0
323 64.0 23.0 0.0
324 45.0 20.0 0.0
325 44.0 16.0 1.0
326 44.0 19.0 0.0
327 42.0 13.0 0.0
328 53.0 15.0 0.0
329 55.0 17.0 0.0
330 36.0 22.0 0.0
331 48.0 19.0 0.0
332 48.0 23.0 0.0
333 49.0 21.0 0.0
334 38.0 16.0 0.0
335 56.0 12.0 0.0
336 43.0 42.0 0.0
337 54.0 15.0 0.0
338 46.0 13.0 0.0
339 29.0 21.0 0.0
340 52.0 18.0 0.0
341 48.0 14.0 0.0
342 46.0 14.0 0.0
343 43.0 14.0 0.0
344 43.0 10.0 0.0
345 47.0 16.0 0.0
346 50.0 17.0 0.0
347 53.0 21.0 1.0
348 50.0 17.0 2.0
349 47.0 18.0 0.0
350 41.0 18.0 0.0
351 36.0 16.0 0.0
352 35.0 20.0 1.0
353 40.0 13.0 0.0
354 37.0 19.0 1.0
355 33.0 14.0 1.0
356 38.0 17.0 2.0
357 41.0 -1.0 0.0
358 35.0 -5.0 1.0
359 26.0 10.0 0.0
360 42.0 13.0 0.0
361 24.0 13.0 1.0
362 35.0 16.0 0.0
363 36.0 35.0 0.0
364 36.0 35.0 1.0
365 30.0 23.0 2.0
