001 35.4 33.6 0.0
002 34.6 31.1 0.0
003 32.0 20.7 0.11
004 33.0 12.2 0.43
005 30.4 18.3 0.37
006 32.8 24.1 1.18
007 28.4 16.3 0.04
008 33.1 19.8 1.24
009 30.5 21.6 0.1
010 30.8 11.3 1.41
011 28.8 15.6 0.57
012 31.7 18.2 1.61
013 31.1 18.2 1.41
014 33.2 16.5 0.55
015 31.7 17.4 0.09
016 34.0 22.6 0.07
017 34.5 20.1 1.03
018 31.8 18.6 0.91
019 33.1 19.7 0.34
020 37.7 11.8 0.68
021 31.4 15.2 0.33
022 40.1 12.7 2.13
023 30.3 17.9 1.33
024 32.1 12.5 0.02
025 32.9 16.1 0.25
026 38.0 16.1 0.21
027 35.7 19.7 0.6
028 34.7 26.5 0.28
029 30.3 23.7 0.02
030 30.2 29.2 0.0
031 24.8 14.9 0.42
032 29.1 15.2 0.34
033 22.8 14.2 0.13
034 29.8 13.1 0.06
035 21.1 18.3 0.76
036 24.1 23.1 0.67
037 27.4 14.5 0.38
038 30.9 -1.0 0.54
039 26.8 2.1 0.05
040 32.7 20.6 0.57
041 25.6 24.6 0.04
042 36.4 12.8 0.04
043 27.0 10.0 0.06
044 35.0 34.0 0.01
045 31.4 12.1 0.06
046 27.8 26.8 0.02
047 30.4 18.5 0.02
048 43.3 42.3 0.02
049 32.9 16.8 0.01
050 34.7 22.2 0.03
051 39.1 20.4 0.0
052 41.1 17.3 0.0
053 41.0 16.0 0.0
054 41.0 14.8 0.0
055 32.2 15.0 0.0
056 31.9 13.0 0.03
057 40.9 13.7 0.05
058 31.1 22.7 0.09
059 31.6 24.2 0.01
060 33.9 23.2 0.02
061 37.4 24.5 0.01
062 31.0 13.2 0.03
063 33.6 22.4 0.04
064 33.0 29.3 0.03
065 39.8 20.9 0.05
066 24.9 16.8 0.07
067 39.9 15.0 0.02
068 39.6 18.3 0.31
069 34.0 20.4 0.62
070 45.1 44.1 0.65
071 28.1 19.7 0.71
072 43.7 27.9 0.41
073 41.6 20.5 0.56
074 41.9 28.9 0.39
075 42.2 21.4 0.3
076 43.1 26.4 0.1
077 38.8 24.1 0.22
078 51.2 32.4 1.56
079 48.4 23.8 0.7
080 40.1 25.6 1.45
081 33.0 19.6 0.75
082 39.1 23.5 0.05
083 39.1 20.0 0.57
084 48.0 23.8 1.36
085 44.2 26.4 0.28
086 55.1 16.6 0.72
087 44.9 18.7 0.9
088 49.9 16.1 0.18
089 57.2 20.7 0.32
090 54.8 22.1 0.03
091 47.2 19.8 0.22
092 50.0 30.2 1.01
093 58.5 20.5 0.63
094 46.9 22.1 0.16
095 42.6 25.6 0.03
096 56.3 25.5 0.22
097 51.3 19.7 0.17
098 64.8 18.4 0.14
099 51.9 17.2 0.02
100 62.7 24.9 0.08
101 53.3 21.4 0.14
102 71.5 27.0 0.16
103 47.4 26.5 0.26
104 56.9 30.5 0.17
105 68.8 21.5 0.18
106 59.6 29.6 0.04
107 57.5 35.5 0.1
108 71.8 34.8 0.02
109 66.3 33.2 0.09
110 80.0 34.8 0.19
111 62.7 35.2 0.18
112 62.9 33.1 0.16
113 67.9 31.4 0.26
114 71.3 30.8 0.07
115 61.3 32.6 0.02
116 80.0 37.3 0.04
117 72.8 39.1 0.03
118 75.3 32.2 0.26
119 70.8 31.6 0.05
120 70.8 39.3 0.11
121 66.3 31.5 0.0
122 60.6 37.0 0.29
123 62.5 31.7 0.04
124 67.1 32.2 1.81
125 67.3 25.9 1.48
126 61.2 27.0 2.86
127 69.0 35.5 3.32
128 55.3 36.6 3.53
129 66.7 37.4 1.55
130 66.4 41.6 8.14
131 68.6 35.8 3.26
132 76.2 35.1 0.01
133 65.8 40.9 3.54
134 73.2 50.3 3.44
135 72.9 47.6 10.54
136 66.2 45.1 6.59
137 70.3 35.7 14.42
138 68.9 42.5 14.66
139 74.8 49.4 0.14
140 66.8 43.8 5.1
141 68.6 45.7 10.47
142 71.6 48.8 7.35
143 71.1 51.0 6.35
144 71.1 50.2 10.54
145 75.8 46.0 5.14
146 73.5 52.6 0.41
147 74.5 54.1 2.16
148 76.4 47.5 4.57
149 67.9 51.4 14.61
150 69.8 54.3 4.25
151 73.4 54.1 2.77
152 70.2 54.2 2.24
153 75.4 54.2 1.65
154 78.9 52.2 7.16
155 73.3 54.0 8.01
156 74.3 53.9 1.47
157 76.9 58.0 5.34
158 77.0 52.6 13.75
159 76.3 58.3 7.5
160 79.1 56.2 3.54
161 81.3 56.1 5.66
162 75.9 57.0 4.82
163 76.9 52.0 8.86
164 79.3 58.6 2.78
165 73.6 57.7 1.99
166 74.0 51.6 4.77
167 81.3 47.0 2.0
168 76.8 55.5 2.22
169 77.3 53.7 0.17
170 83.2 53.6 0.19
171 80.3 56.1 3.23
172 78.7 57.2 3.13
173 77.2 56.0 1.39
174 79.9 51.4 3.46
175 80.4 56.2 0.54
176 80.8 58.0 1.93
177 80.0 55.8 1.09
178 81.6 56.1 2.84
179 79.9 59.8 2.13
180 79.3 58.7 4.59
181 79.1 56.7 0.78
182 78.9 52.0 5.28
183 81.3 56.1 3.25
184 83.8 59.7 2.63
185 85.1 59.9 0.84
186 79.6 64.9 1.43
187 84.3 65.6 5.82
188 77.2 61.8 5.46
189 78.3 64.7 1.25
190 78.6 62.4 1.81
191 83.7 61.8 3.22
192 75.6 59.3 1.11
193 83.3 60.0 4.8
194 81.3 59.9 3.95
195 79.9 61.4 3.97
196 78.9 62.3 4.05
197 78.6 56.9 2.21
198 82.1 63.4 1.9
199 79.9 61.3 0.76
200 81.2 59.7 3.7
201 78.1 60.8 2.99
202 82.8 60.4 4.57
203 83.9 58.4 5.69
204 81.8 63.0 3.55
205 87.5 59.8 2.43
206 83.5 59.2 1.92
207 85.9 59.2 2.79
208 87.4 62.2 2.31
209 91.2 64.6 3.48
210 88.5 63.4 4.12
211 89.3 61.7 0.15
212 83.8 61.7 2.7
213 91.2 63.6 2.49
214 88.1 66.1 3.41
215 85.1 65.2 2.27
216 83.2 63.0 4.45
217 92.2 65.6 3.37
218 85.6 65.0 3.35
219 86.5 66.1 5.07
220 85.5 63.4 6.44
221 83.9 61.9 11.0
222 94.4 63.6 4.14
223 92.3 64.5 2.48
224 93.4 61.6 2.74
225 85.1 67.3 3.66
226 86.3 63.6 0.03
227 95.5 62.9 2.18
228 84.2 54.7 4.6
229 78.4 57.0 5.93
230 86.2 63.9 5.55
231 85.3 65.4 5.13
232 82.4 62.1 2.16
233 81.5 59.7 0.78
234 82.8 62.8 0.49
235 90.3 56.6 1.35
236 96.3 61.8 2.8
237 86.4 55.5 3.68
238 83.0 60.2 0.8
239 86.4 58.6 0.13
240 87.6 57.4 0.14
241 84.7 62.6 0.0
242 91.1 66.9 0.0
243 96.4 55.8 0.0
244 89.5 60.4 0.0
245 92.8 60.6 0.0
246 90.0 66.5 0.0
247 90.5 62.0 0.0
248 83.0 62.6 0.0
249 93.9 67.9 0.0
250 92.6 62.6 0.0
251 82.4 57.8 0.0
252 92.8 61.2 0.0
253 97.8 59.7 3.92
254 86.2 56.0 3.09
255 86.8 58.5 1.7
256 88.1 49.1 4.53
257 80.7 54.1 1.79
258 90.7 52.7 0.31
259 78.7 55.8 2.64
260 88.2 50.1 4.97
261 92.1 52.0 1.53
262 87.6 56.9 4.8
263 81.5 52.7 4.34
264 88.0 52.0 3.05
265 84.8 48.3 1.4
266 71.7 50.9 2.04
267 76.0 54.8 5.26
268 78.0 51.2 2.81
269 82.4 49.3 0.75
270 80.3 45.5 1.14
271 73.7 50.1 0.49
272 76.6 49.6 2.55
273 79.9 46.8 1.39
274 80.7 40.6 0.22
275 80.4 50.8 1.3
276 82.1 52.2 1.04
277 82.6 48.8 1.6
278 76.7 46.1 0.31
279 81.0 56.9 0.35
280 77.0 37.3 0.26
281 90.3 43.8 1.49
282 73.7 34.1 1.42
283 69.5 48.6 0.12
284 72.1 39.7 0.24
285 74.2 41.6 1.33
286 76.5 49.4 0.93
287 63.8 42.5 0.69
288 67.8 42.2 1.21
289 77.6 45.0 0.61
290 70.0 39.9 0.74
291 81.7 42.8 1.3
292 60.6 39.0 1.59
293 65.1 35.4 0.61
294 73.6 38.8 0.12
295 67.7 41.6 2.03
296 70.4 44.3 0.77
297 65.8 32.5 0.41
298 58.9 42.3 1.2
299 80.6 32.5 0.7
300 63.2 34.3 0.2
301 71.0 40.8 0.16
302 62.6 35.4 0.94
303 71.1 27.1 0.19
304 52.4 33.4 0.14
305 62.1 39.7 0.2
306 53.8 31.9 0.38
307 64.4 20.4 0.33
308 54.8 32.3 0.13
309 54.3 34.5 0.26
310 64.8 35.8 0.53
311 60.0 39.6 0.31
312 55.8 32.9 0.2
313 57.5 35.4 0.12
314 47.1 35.1 0.26
315 53.9 30.9 0.5
316 51.9 33.7 0.44
317 61.6 24.1 0.21
318 52.4 16.9 0.53
319 58.6 29.1 0.07
320 56.3 32.2 0.26
321 58.1 27.3 0.7
322 62.4 26.3 0.03
323 71.0 25.9 0.06
324 62.5 30.5 0.11
325 57.7 24.4 0.27
326 55.8 31.4 0.01
327 57.6 28.0 0.22
328 56.5 20.7 0.1
329 56.7 27.9 0.05
330 55.1 28.5 0.05
331 73.0 23.7 0.39
332 49.6 19.4 0.48
333 53.0 16.0 0.03
334 57.7 25.2 0.5
335 48.6 22.8 0.85
336 39.0 21.1 0.57
337 39.3 24.7 0.64
338 57.6 29.1 0.82
339 45.4 26.8 0.15
340 49.0 21.3 0.45
341 57.2 22.7 0.25
342 60.5 25.7 1.3
343 34.7 26.5 0.39
344 42.4 19.1 0.7
345 47.3 18.7 0.77
346 47.7 20.8 0.35
347 40.6 18.1 0.01
348 43.4 21.9 0.23
349 46.9 19.4 0.31
350 47.3 19.5 0.2
351 47.8 19.3 0.19
352 49.2 22.1 0.12
353 52.5 25.3 0.05
354 48.1 24.6 0.1
355 37.9 19.8 0.04
356 51.9 22.1 0.01
357 51.7 20.6 0.16
358 48.8 20.9 1.84
359 44.2 28.8 0.31
360 44.4 25.0 0.29
361 38.9 24.7 0.79
362 43.5 19.8 1.02
363 46.5 20.4 0.46
364 44.2 18.9 0.12
365 50.1 23.7 1.25
