001 35.4 33.6 0.0
002 34.8 28.9 0.0
003 33.9 28.2 0.53
004 31.9 29.2 0.33
005 27.2 14.3 0.15
006 30.7 22.2 1.17
007 28.7 16.1 1.62
008 30.7 16.7 0.82
009 27.3 14.9 0.8
010 32.5 16.5 0.35
011 33.0 17.3 1.07
012 31.9 17.1 0.42
013 28.9 13.1 1.07
014 34.6 12.7 0.32
015 33.0 15.9 0.56
016 36.9 15.5 0.82
017 34.5 15.5 0.52
018 35.9 19.1 1.01
019 34.9 13.6 0.11
020 31.1 17.5 1.0
021 31.8 15.7 0.04
022 32.8 16.1 0.81
023 37.9 14.6 0.25
024 32.7 18.9 0.54
025 33.1 11.6 0.92
026 39.6 17.5 0.05
027 33.7 16.9 0.34
028 32.9 16.7 0.14
029 34.5 16.4 0.28
030 33.3 32.3 0.36
031 24.0 23.0 0.17
032 23.2 22.2 0.14
033 26.2 25.2 0.1
034 29.2 17.6 0.38
035 25.9 2.1 0.42
036 38.9 18.4 0.27
037 30.2 1.3 0.36
038 27.4 15.3 0.58
039 37.6 12.2 0.07
040 30.0 15.4 0.35
041 25.9 15.6 0.09
042 26.8 15.0 0.03
043 36.4 18.4 0.11
044 32.3 31.3 0.02
045 35.6 10.4 0.03
046 27.1 10.3 0.03
047 34.2 33.2 0.07
048 27.5 12.4 0.0
049 32.5 31.5 0.01
050 35.1 15.3 0.02
051 37.9 11.2 0.01
052 36.3 19.3 0.0
053 40.9 20.7 0.0
054 37.8 22.3 0.0
055 33.9 17.5 0.0
056 42.0 15.0 0.03
057 43.4 10.7 0.01
058 34.5 18.9 0.01
059 41.2 14.4 0.03
060 37.0 26.1 0.01
061 31.7 16.6 0.06
062 33.6 32.6 0.01
063 37.5 26.8 0.0
064 42.1 15.4 0.02
065 43.4 12.9 0.0
066 38.6 37.6 0.02
067 25.7 24.7 0.03
068 28.8 19.9 0.1
069 36.9 18.2 0.03
070 44.2 21.3 0.01
071 42.6 11.6 0.13
072 27.3 27.3 0.36
073 37.9 18.2 0.61
074 47.4 26.2 0.5
075 48.2 33.7 1.61
076 41.9 24.4 0.51
077 43.9 26.7 0.34
078 49.7 24.7 1.48
079 39.2 21.7 0.33
080 39.7 23.3 0.25
081 49.6 21.2 1.11
082 53.0 24.2 0.29
083 35.7 25.0 0.07
084 40.0 23.4 1.5
085 42.3 21.6 1.04
086 43.8 23.5 1.07
087 43.0 18.0 1.02
088 44.3 20.2 0.6
089 36.1 21.7 0.65
090 50.7 25.1 0.03
091 55.2 23.8 0.13
092 48.0 22.5 1.03
093 43.6 21.7 1.16
094 47.7 17.8 0.12
095 48.7 13.7 0.17
096 45.6 20.5 0.02
097 51.6 22.8 0.09
098 45.6 21.0 0.07
099 48.1 24.7 0.06
100 53.5 24.3 0.0
101 46.4 25.7 0.16
102 65.3 28.7 0.08
103 60.2 30.5 0.12
104 62.1 31.2 0.07
105 73.9 33.1 0.06
106 54.3 34.0 0.32
107 59.9 28.6 0.03
108 50.7 31.4 0.02
109 67.3 26.8 0.17
110 56.5 36.7 0.0
111 78.7 33.3 0.09
112 62.6 28.0 0.02
113 58.4 34.1 0.41
114 72.4 32.2 0.08
115 68.8 32.2 0.18
116 65.5 29.9 0.09
117 73.6 36.3 0.21
118 61.5 30.2 0.11
119 69.2 29.3 0.1
120 64.5 28.7 0.06
121 61.5 31.0 0.08
122 54.7 26.9 0.08
123 63.2 32.5 0.06
124 64.5 28.3 2.52
125 59.2 33.9 0.5
126 69.9 31.6 0.18
127 71.7 34.8 0.54
128 63.2 36.9 1.51
129 63.2 40.4 0.62
130 64.3 45.2 1.21
131 65.3 30.8 2.55
132 71.4 31.2 2.27
133 65.9 39.7 2.68
134 65.8 37.0 4.62
135 68.2 46.5 0.94
136 73.2 46.9 1.99
137 64.5 38.2 12.5
138 62.2 42.6 1.97
139 65.6 43.0 0.45
140 75.3 50.4 8.24
141 71.0 46.7 9.27
142 71.7 50.1 0.93
143 71.9 52.0 1.95
144 70.9 47.1 9.14
145 70.6 45.7 8.1
146 61.2 48.8 1.2
147 71.2 54.5 7.49
148 71.4 55.3 4.88
149 74.1 48.8 4.75
150 71.2 51.4 10.63
151 77.4 52.9 2.47
152 71.5 50.0 4.3
153 76.8 47.4 11.2
154 71.2 51.5 5.94
155 74.7 50.4 6.69
156 76.0 59.9 11.91
157 74.2 58.2 5.49
158 78.5 51.3 8.93
159 74.7 53.3 0.9
160 81.8 56.0 0.17
161 76.9 57.7 11.82
162 75.5 56.8 2.79
163 80.3 59.1 3.62
164 78.9 56.5 1.59
165 76.5 51.0 9.41
166 76.9 55.0 10.0
167 81.9 52.2 6.07
168 83.2 51.2 2.33
169 73.3 51.0 5.33
170 77.2 59.2 3.31
171 80.9 56.4 2.72
172 78.8 62.6 10.29
173 75.3 52.6 1.44
174 79.1 56.7 3.71
175 86.0 53.4 0.47
176 82.8 55.2 3.34
177 78.3 55.2 1.57
178 80.1 56.0 1.68
179 84.0 49.0 3.64
180 83.1 54.6 2.35
181 79.4 61.8 5.83
182 80.2 53.7 1.73
183 84.8 61.5 0.23
184 83.9 54.4 1.08
185 83.9 59.9 0.13
186 78.0 64.4 3.97
187 81.3 59.1 11.78
188 78.4 61.5 1.31
189 76.1 57.9 3.05
190 72.4 60.2 6.0
191 76.7 57.5 7.45
192 81.8 59.5 4.39
193 79.6 61.4 5.21
194 84.3 58.3 0.94
195 76.9 63.6 1.27
196 77.4 56.5 6.56
197 79.9 55.3 0.36
198 73.4 59.0 1.83
199 77.1 58.5 1.72
200 71.6 61.6 4.74
201 74.3 58.6 1.46
202 81.3 60.7 2.82
203 84.4 64.0 4.26
204 84.6 59.7 9.4
205 86.8 58.1 0.24
206 80.3 57.7 7.37
207 80.5 61.5 5.33
208 79.5 60.5 1.14
209 89.3 59.0 1.95
210 86.4 61.5 0.57
211 88.9 63.0 2.93
212 88.5 64.3 2.88
213 88.3 60.8 8.52
214 91.9 58.7 1.79
215 85.1 68.0 1.93
216 88.6 61.4 1.44
217 92.7 65.4 6.86
218 87.8 63.8 3.29
219 92.1 72.6 4.7
220 87.3 61.4 3.84
221 89.6 63.2 6.8
222 88.9 62.6 3.77
223 88.7 62.1 1.95
224 84.3 64.6 1.43
225 86.0 63.5 0.77
226 81.8 62.0 7.3
227 81.7 61.3 7.09
228 86.0 59.4 6.93
229 85.5 54.2 2.47
230 87.7 56.5 6.61
231 87.3 64.8 6.75
232 80.8 59.3 4.97
233 90.9 61.6 0.15
234 84.7 63.0 0.75
235 96.6 67.0 5.33
236 88.4 66.6 3.74
237 89.9 62.5 1.1
238 85.5 65.2 2.16
239 89.5 63.9 0.24
240 89.8 65.2 0.31
241 95.4 67.2 0.0
242 92.9 58.0 0.0
243 89.7 63.1 0.0
244 95.2 59.3 0.0
245 91.6 70.4 0.0
246 94.0 61.0 0.0
247 89.0 59.3 0.0
248 85.9 62.7 0.0
249 90.9 59.8 0.0
250 98.0 63.4 0.0
251 93.7 58.3 0.0
252 85.7 56.0 0.0
253 90.8 58.7 2.45
254 96.5 56.2 0.93
255 85.2 56.3 1.4
256 94.5 52.7 0.71
257 89.2 52.6 9.13
258 80.9 52.6 9.51
259 80.9 59.1 7.43
260 89.2 50.1 4.95
261 88.3 51.8 3.15
262 93.1 52.1 0.23
263 87.4 45.4 9.49
264 93.1 48.0 0.41
265 79.9 51.9 2.62
266 70.3 47.0 5.1
267 85.3 48.6 2.33
268 85.1 50.0 0.33
269 81.4 53.1 2.3
270 81.0 45.7 3.26
271 76.7 54.9 4.02
272 81.5 50.2 3.56
273 78.6 49.3 2.35
274 77.8 48.4 0.89
275 77.0 50.5 2.68
276 77.9 52.9 1.0
277 83.2 45.8 3.68
278 80.6 47.0 1.13
279 73.3 52.2 0.45
280 73.9 46.2 1.01
281 79.7 43.3 0.41
282 81.4 44.5 1.01
283 79.2 56.0 0.46
284 80.3 36.6 0.32
285 72.8 47.6 1.8
286 77.7 44.8 0.04
287 69.7 42.7 0.95
288 68.3 44.7 0.25
289 78.6 40.5 0.03
290 73.7 39.1 2.19
291 71.0 34.6 0.59
292 76.7 40.5 1.08
293 64.6 38.3 0.72
294 72.5 39.4 0.21
295 72.7 33.0 0.81
296 70.2 36.3 0.15
297 71.0 34.0 0.48
298 63.4 30.2 0.89
299 65.7 32.3 1.38
300 69.2 36.2 1.9
301 75.7 29.6 0.89
302 49.5 41.5 1.19
303 42.5 38.1 0.57
304 45.3 35.3 2.46
305 58.0 29.9 0.42
306 57.3 23.8 0.47
307 49.0 36.2 0.35
308 60.4 20.5 0.18
309 49.7 35.2 0.12
310 66.0 40.8 0.2
311 50.0 37.4 0.75
312 62.0 34.3 0.17
313 53.6 36.5 0.09
314 65.0 27.7 0.7
315 60.4 43.9 0.06
316 55.9 26.6 0.32
317 60.9 59.9 0.06
318 49.5 28.7 0.08
319 54.0 25.9 0.27
320 57.7 32.4 0.1
321 61.7 26.0 0.29
322 62.6 31.0 0.12
323 60.6 27.7 0.13
324 62.0 45.6 0.01
325 60.1 30.8 0.15
326 62.3 37.9 0.02
327 62.6 25.8 0.42
328 56.5 25.2 0.0
329 60.8 29.5 0.11
330 60.5 25.9 0.14
331 54.5 22.9 0.34
332 54.8 17.9 0.0
333 45.0 19.2 1.43
334 55.4 23.4 0.91
335 46.0 23.0 0.89
336 56.4 17.8 0.24
337 37.8 21.1 0.58
338 53.7 24.0 0.39
339 46.6 20.3 0.54
340 48.0 23.5 0.28
341 43.5 26.1 0.44
342 49.0 25.1 0.39
343 56.5 20.1 0.65
344 48.3 20.5 0.7
345 47.1 19.8 0.32
346 52.1 17.9 0.76
347 36.5 18.2 0.31
348 51.5 21.4 0.17
349 46.1 20.3 0.27
350 48.5 17.6 0.15
351 44.9 17.1 0.15
352 40.6 19.4 0.27
353 48.9 21.0 0.03
354 48.8 22.6 0.1
355 42.7 24.3 0.16
356 48.3 25.4 0.32
357 48.8 16.1 0.14
358 45.9 24.1 1.36
359 48.5 21.5 0.01
360 55.2 25.8 0.37
361 51.9 18.1 0.29
362 46.6 21.6 0.12
363 55.7 18.3 0.43
364 34.9 22.2 0.28
365 53.3 25.8 1.22
