001 6.0 -11.0 0.0
002 18.0 -10.0 0.0
003 37.0 -9.0 0.0
004 26.0 25.0 -0.0
005 23.0 22.0 0.0
006 7.0 -8.0 0.0
007 35.0 -1.0 0.0
008 25.0 -8.0 -0.0
009 32.0 31.0 0.0
010 26.0 -3.0 -0.0
011 38.0 37.0 1.0
012 29.0 10.0 0.0
013 40.0 11.0 0.0
014 43.0 3.0 0.0
015 41.0 1.0 0.0
016 32.0 17.0 0.0
017 52.0 51.0 0.0
018 33.0 17.0 1.0
019 34.0 33.0 0.0
020 46.0 45.0 0.0
021 53.0 28.0 0.0
022 50.0 3.0 0.0
023 49.0 14.0 -0.0
024 49.0 48.0 0.0
025 34.0 13.0 0.0
026 39.0 21.0 0.0
027 48.0 16.0 0.0
028 50.0 22.0 -0.0
029 56.0 22.0 -0.0
030 44.0 25.0 -0.0
031 50.0 17.0 0.0
032 40.0 16.0 -0.0
033 31.0 11.0 -0.0
034 29.0 16.0 -0.0
035 55.0 54.0 0.0
036 44.0 11.0 0.0
037 47.0 17.0 0.0
038 47.0 18.0 0.0
039 49.0 23.0 -0.0
040 32.0 10.0 0.0
041 44.0 10.0 0.0
042 51.0 23.0 0.0
043 47.0 18.0 0.0
044 37.0 23.0 -0.0
045 47.0 15.0 0.0
046 42.0 22.0 0.0
047 46.0 12.0 0.0
048 54.0 18.0 0.0
049 48.0 47.0 0.0
050 58.0 21.0 0.0
051 34.0 24.0 0.0
052 58.0 22.0 0.0
053 43.0 19.0 0.0
054 47.0 10.0 0.0
055 48.0 17.0 0.0
056 41.0 15.0 0.0
057 51.0 50.0 0.0
058 40.0 39.0 0.0
059 43.0 15.0 0.0
060 30.0 16.0 0.0
061 43.0 42.0 0.0
062 51.0 12.0 0.0
063 59.0 14.0 0.0
064 60.0 10.0 0.0
065 39.0 13.0 0.0
066 45.0 19.0 1.0
067 29.0 12.0 0.0
068 40.0 19.0 0.0
069 33.0 17.0 0.0
070 40.0 13.0 -0.0
071 39.0 19.0 0.0
072 44.0 43.0 0.0
073 33.0 17.0 0.0
074 33.0 17.0 -0.0
075 40.0 20.0 0.0
076 41.0 19.0 -0.0
077 46.0 24.0 0.0
078 58.0 21.0 0.0
079 47.0 30.0 0.0
080 35.0 21.0 -0.0
081 41.0 40.0 0.0
082 40.0 12.0 0.0
083 57.0 24.0 0.0
084 43.0 18.0 0.0
085 50.0 29.0 1.0
086 32.0 22.0 0.0
087 51.0 27.0 0.0
088 58.0 30.0 0.0
089 61.0 32.0 0.0
090 64.0 27.0 0.0
091 54.0 28.0 0.0
092 55.0 29.0 0.0
093 58.0 32.0 -0.0
094 55.0 25.0 0.0
095 51.0 30.0 0.0
096 53.0 32.0 0.0
097 54.0 28.0 -0.0
098 57.0 31.0 0.0
099 58.0 26.0 0.0
100 62.0 31.0 0.0
101 56.0 30.0 0.0
102 62.0 33.0 0.0
103 57.0 28.0 -0.0
104 48.0 31.0 0.0
105 61.0 29.0 0.0
106 59.0 27.0 -0.0
107 61.0 30.0 0.0
108 61.0 34.0 0.0
109 55.0 36.0 0.0
110 58.0 31.0 0.0
111 64.0 28.0 0.0
112 61.0 33.0 0.0
113 57.0 35.0 -1.0
114 64.0 39.0 0.0
115 66.0 36.0 1.0
116 64.0 29.0 0.0
117 63.0 36.0 1.0
118 63.0 33.0 1.0
119 66.0 33.0 2.0
120 67.0 37.0 -1.0
121 62.0 35.0 2.0
122 72.0 43.0 4.0
123 62.0 34.0 -0.0
124 65.0 42.0 2.0
125 63.0 38.0 7.0
126 70.0 41.0 4.0
127 59.0 38.0 11.0
128 61.0 36.0 -2.0
129 71.0 36.0 9.0
130 75.0 42.0 14.0
131 73.0 41.0 8.0
132 73.0 36.0 7.0
133 67.0 45.0 -2.0
134 62.0 51.0 5.0
135 69.0 42.0 -0.0
136 74.0 46.0 9.0
137 74.0 50.0 2.0
138 64.0 45.0 7.0
139 75.0 41.0 9.0
140 79.0 46.0 7.0
141 72.0 47.0 -1.0
142 82.0 46.0 -1.0
143 69.0 46.0 1.0
144 75.0 47.0 2.0
145 87.0 39.0 1.0
146 70.0 43.0 1.0
147 82.0 43.0 -1.0
148 84.0 38.0 1.0
149 75.0 50.0 2.0
150 80.0 42.0 1.0
151 79.0 49.0 2.0
152 67.0 45.0 1.0
153 79.0 43.0 1.0
154 64.0 51.0 1.0
155 83.0 49.0 4.0
156 95.0 41.0 3.0
157 65.0 48.0 3.0
158 68.0 49.0 5.0
159 83.0 47.0 3.0
160 65.0 54.0 2.0
161 78.0 48.0 -1.0
162 87.0 46.0 -1.0
163 78.0 50.0 -0.0
164 80.0 50.0 2.0
165 76.0 59.0 5.0
166 72.0 55.0 1.0
167 74.0 49.0 2.0
168 86.0 53.0 3.0
169 77.0 55.0 2.0
170 89.0 60.0 -1.0
171 82.0 66.0 -1.0
172 88.0 56.0 1.0
173 92.0 64.0 -1.0
174 91.0 63.0 1.0
175 89.0 68.0 -1.0
176 84.0 63.0 2.0
177 88.0 58.0 -1.0
178 90.0 58.0 0.0
179 91.0 73.0 0.0
180 96.0 56.0 0.0
181 91.0 56.0 0.0
182 98.0 61.0 0.0
183 94.0 58.0 5.0
184 98.0 69.0 -0.0
185 88.0 60.0 -4.0
186 86.0 63.0 3.0
187 89.0 58.0 1.0
188 87.0 64.0 8.0
189 87.0 63.0 -0.0
190 87.0 62.0 5.0
191 89.0 67.0 8.0
192 88.0 63.0 6.0
193 92.0 62.0 2.0
194 84.0 66.0 0.0
195 91.0 65.0 11.0
196 95.0 61.0 10.0
197 98.0 62.0 6.0
198 93.0 67.0 3.0
199 95.0 65.0 3.0
200 94.0 66.0 4.0
201 90.0 65.0 9.0
202 94.0 66.0 11.0
203 96.0 66.0 7.0
204 95.0 60.0 4.0
205 98.0 62.0 1.0
206 93.0 65.0 -2.0
207 94.0 62.0 4.0
208 91.0 67.0 1.0
209 86.0 62.0 3.0
210 88.0 61.0 1.0
211 94.0 62.0 -5.0
212 97.0 64.0 -0.0
213 86.0 64.0 8.0
214 88.0 62.0 -2.0
215 86.0 65.0 -2.0
216 86.0 62.0 6.0
217 94.0 65.0 6.0
218 84.0 64.0 6.0
219 91.0 64.0 2.0
220 96.0 61.0 2.0
221 87.0 65.0 2.0
222 93.0 65.0 3.0
223 81.0 61.0 1.0
224 77.0 60.0 -1.0
225 82.0 59.0 -0.0
226 92.0 63.0 0.0
227 92.0 64.0 -1.0
228 87.0 60.0 1.0
229 90.0 65.0 2.0
230 90.0 63.0 -1.0
231 94.0 56.0 2.0
232 84.0 65.0 1.0
233 90.0 62.0 0.0
234 89.0 61.0 1.0
235 82.0 59.0 1.0
236 92.0 61.0 1.0
237 83.0 61.0 1.0
238 89.0 52.0 1.0
239 90.0 62.0 2.0
240 90.0 59.0 -1.0
241 87.0 63.0 1.0
242 95.0 59.0 -1.0
243 91.0 61.0 -0.0
244 92.0 57.0 2.0
245 95.0 57.0 0.0
246 85.0 62.0 0.0
247 88.0 57.0 -0.0
248 88.0 57.0 0.0
249 91.0 55.0 0.0
250 91.0 55.0 0.0
251 90.0 56.0 -0.0
252 86.0 51.0 0.0
253 89.0 60.0 0.0
254 87.0 54.0 2.0
255 85.0 55.0 0.0
256 91.0 50.0 0.0
257 89.0 52.0 -0.0
258 85.0 53.0 1.0
259 82.0 47.0 2.0
260 85.0 53.0 3.0
261 79.0 51.0 1.0
262 82.0 54.0 2.0
263 80.0 59.0 -3.0
264 88.0 52.0 -0.0
265 99.0 53.0 4.0
266 84.0 56.0 3.0
267 81.0 60.0 2.0
268 85.0 57.0 1.0
269 77.0 53.0 -0.0
270 78.0 55.0 1.0
271 77.0 48.0 2.0
272 69.0 49.0 2.0
273 86.0 47.0 0.0
274 83.0 50.0 1.0
275 74.0 55.0 3.0
276 85.0 52.0 3.0
277 78.0 51.0 4.0
278 79.0 47.0 3.0
279 78.0 44.0 -1.0
280 70.0 47.0 -0.0
281 69.0 49.0 3.0
282 83.0 40.0 1.0
283 72.0 41.0 2.0
284 68.0 48.0 1.0
285 81.0 43.0 2.0
286 72.0 34.0 -0.0
287 66.0 42.0 -1.0
288 68.0 45.0 -0.0
289 65.0 41.0 1.0
290 64.0 47.0 -0.0
291 68.0 41.0 1.0
292 63.0 31.0 1.0
293 65.0 47.0 1.0
294 52.0 38.0 2.0
295 92.0 38.0 1.0
296 82.0 30.0 0.0
297 74.0 37.0 1.0
298 62.0 44.0 -0.0
299 60.0 29.0 0.0
300 73.0 34.0 -0.0
301 75.0 30.0 0.0
302 73.0 30.0 0.0
303 68.0 35.0 0.0
304 55.0 27.0 0.0
305 69.0 34.0 0.0
306 57.0 30.0 0.0
307 76.0 31.0 0.0
308 64.0 26.0 2.0
309 72.0 30.0 2.0
310 54.0 30.0 -0.0
311 54.0 31.0 2.0
312 60.0 34.0 -1.0
313 59.0 36.0 0.0
314 62.0 37.0 0.0
315 66.0 38.0 -0.0
316 50.0 27.0 0.0
317 51.0 31.0 1.0
318 47.0 15.0 0.0
319 55.0 20.0 1.0
320 48.0 47.0 0.0
321 47.0 37.0 -0.0
322 50.0 15.0 -0.0
323 51.0 21.0 -1.0
324 48.0 26.0 1.0
325 54.0 16.0 1.0
326 40.0 17.0 1.0
327 54.0 22.0 1.0
328 29.0 20.0 0.0
329 51.0 18.0 0.0
330 41.0 21.0 0.0
331 41.0 19.0 0.0
332 46.0 14.0 0.0
333 41.0 16.0 0.0
334 46.0 14.0 -0.0
335 49.0 16.0 -0.0
336 49.0 12.0 -0.0
337 50.0 14.0 0.0
338 46.0 11.0 -0.0
339 47.0 16.0 0.0
340 49.0 14.0 -0.0
341 48.0 15.0 0.0
342 51.0 15.0 0.0
343 54.0 15.0 0.0
344 49.0 13.0 0.0
345 51.0 18.0 0.0
346 51.0 18.0 0.0
347 44.0 18.0 -1.0
348 46.0 21.0 0.0
349 39.0 18.0 -0.0
350 35.0 23.0 1.0
351 34.0 22.0 0.0
352 40.0 11.0 1.0
353 45.0 44.0 -0.0
354 38.0 37.0 1.0
355 33.0 15.0 -0.0
356 28.0 21.0 3.0
357 34.0 33.0 1.0
358 35.0 34.0 1.0
359 38.0 37.0 0.0
360 26.0 25.0 1.0
361 26.0 25.0 -0.0
362 40.0 12.0 0.0
363 21.0 20.0 1.0
364 31.0 14.0 3.0
365 30.0 27.0 -0.0
