001 35.4 33.6 0.0
002 34.0 31.2 0.0
003 33.8 27.3 0.35
004 32.2 26.2 0.34
005 29.9 24.2 0.25
006 32.0 23.0 0.05
007 33.1 16.9 0.16
008 27.8 21.0 0.79
009 33.9 25.3 0.52
010 34.4 16.6 0.34
011 29.5 15.2 0.43
012 29.0 14.8 0.07
013 32.4 16.8 0.66
014 34.4 18.7 1.88
015 32.6 20.6 0.27
016 34.7 19.6 0.57
017 31.5 21.0 0.03
018 30.8 22.8 0.3
019 35.4 18.4 0.0
020 34.6 23.8 0.48
021 29.4 18.7 0.81
022 32.8 15.7 0.5
023 33.7 17.8 0.12
024 29.9 18.0 0.6
025 31.3 15.3 0.68
026 33.0 16.3 1.22
027 33.6 20.3 0.35
028 31.3 11.6 0.02
029 28.3 24.7 0.14
030 26.9 25.9 0.06
031 26.9 18.9 0.72
032 35.2 25.0 0.03
033 33.4 21.6 0.57
034 24.1 12.7 0.8
035 20.2 17.7 0.39
036 20.5 19.5 0.43
037 31.5 10.2 0.1
038 25.9 24.9 0.04
039 31.0 30.0 0.11
040 20.4 15.3 0.19
041 36.7 35.7 0.0
042 31.1 21.5 0.03
043 38.2 37.2 0.01
044 33.5 14.3 0.1
045 33.0 14.5 0.03
046 37.7 11.1 0.05
047 29.6 11.1 0.03
048 25.5 24.5 0.02
049 35.9 20.0 0.01
050 32.3 21.5 0.04
051 36.7 16.0 0.01
052 38.5 19.9 0.0
053 34.6 19.9 0.0
054 33.2 25.5 0.0
055 28.9 16.5 0.0
056 34.6 14.0 0.04
057 25.1 12.8 0.05
058 32.9 23.7 0.02
059 28.5 11.6 0.02
060 28.2 13.6 0.01
061 39.7 12.9 0.0
062 41.6 25.1 0.01
063 23.9 18.1 0.03
064 42.7 19.7 0.05
065 34.7 24.2 0.04
066 36.9 13.9 0.01
067 32.8 14.0 0.03
068 45.6 18.3 0.21
069 44.4 12.3 0.96
070 45.3 44.3 0.0
071 42.4 19.4 0.11
072 41.2 26.4 0.72
073 36.7 23.0 0.27
074 39.6 20.9 0.35
075 40.7 20.1 0.45
076 44.4 23.7 1.69
077 41.8 25.9 0.6
078 44.8 28.6 1.95
079 40.5 17.1 0.43
080 44.3 21.6 0.48
081 36.4 26.8 1.47
082 43.1 26.2 0.53
083 47.5 28.5 1.03
084 37.9 18.6 0.5
085 53.6 20.5 0.72
086 48.2 20.7 0.81
087 47.0 16.4 0.27
088 47.4 24.5 1.03
089 38.7 24.6 0.54
090 47.2 15.8 0.58
091 55.1 19.2 0.44
092 41.6 19.0 0.09
093 51.3 23.7 0.95
094 45.8 22.4 0.6
095 39.2 23.6 0.19
096 58.7 18.2 0.01
097 49.2 23.0 0.07
098 51.4 16.6 0.01
099 57.6 18.9 0.0
100 53.0 16.3 0.04
101 44.2 26.9 0.01
102 39.4 36.3 0.18
103 28.0 26.6 0.05
104 50.8 22.8 0.16
105 61.4 22.5 0.19
106 57.0 29.7 0.08
107 55.5 36.3 0.12
108 63.8 32.8 0.16
109 53.7 34.2 0.19
110 62.0 32.1 0.14
111 38.6 33.3 0.1
112 55.0 30.1 0.05
113 58.8 33.6 0.24
114 62.7 38.0 0.02
115 71.0 37.6 0.13
116 69.8 44.0 0.2
117 75.5 34.8 0.04
118 77.7 42.7 0.14
119 66.1 34.9 0.14
120 54.8 28.0 0.07
121 62.5 40.0 0.14
122 71.3 33.0 0.13
123 62.2 29.9 0.1
124 60.5 31.6 0.59
125 63.3 37.5 1.2
126 62.5 28.9 0.85
127 69.5 29.7 2.56
128 65.5 39.0 3.3
129 67.1 36.9 0.06
130 61.5 31.8 1.47
131 74.7 43.9 6.22
132 66.8 33.6 4.21
133 72.1 48.1 5.15
134 72.4 40.5 8.23
135 70.4 44.5 4.89
136 72.9 47.4 12.78
137 72.7 43.4 10.12
138 66.6 52.7 4.26
139 68.2 53.0 9.03
140 70.8 51.1 11.28
141 70.8 43.2 11.17
142 71.1 50.8 8.61
143 69.7 52.9 1.34
144 78.8 51.3 14.74
145 67.7 49.9 1.69
146 69.4 48.8 2.52
147 72.5 50.5 8.81
148 65.6 51.5 21.09
149 74.5 49.1 1.77
150 71.0 54.7 2.7
151 71.8 52.2 4.21
152 69.9 53.5 5.33
153 78.4 48.1 3.08
154 72.6 56.1 5.28
155 75.8 56.0 3.76
156 75.5 58.8 7.55
157 74.6 54.7 7.51
158 73.3 53.6 2.55
159 80.4 56.7 8.36
160 76.6 57.3 11.21
161 78.9 58.6 9.65
162 79.0 55.8 2.32
163 76.2 53.7 4.05
164 79.0 57.3 3.71
165 76.9 56.8 0.46
166 80.7 58.6 2.16
167 80.7 56.2 2.63
168 74.9 55.5 3.51
169 76.0 53.0 0.21
170 77.2 60.8 7.04
171 77.4 50.9 3.5
172 78.9 53.6 3.45
173 83.2 55.6 1.61
174 74.7 52.8 3.56
175 85.7 58.8 3.74
176 80.8 57.1 2.0
177 82.6 53.3 4.59
178 79.4 59.3 4.12
179 80.3 57.5 0.32
180 80.8 55.6 6.09
181 78.4 58.1 0.23
182 82.4 56.6 1.67
183 82.0 58.9 2.59
184 83.4 57.8 3.0
185 81.4 59.2 0.01
186 77.0 62.9 6.79
187 76.2 59.4 7.35
188 77.8 57.8 2.14
189 87.7 61.0 8.22
190 72.7 57.9 4.57
191 76.0 60.0 6.08
192 81.3 63.7 4.3
193 77.7 57.5 3.56
194 81.7 60.6 4.84
195 84.1 58.5 0.73
196 79.9 59.4 5.43
197 80.1 56.2 3.83
198 73.4 60.7 6.21
199 83.6 57.7 5.02
200 78.9 60.3 0.79
201 81.5 57.9 5.91
202 84.1 60.9 5.92
203 75.1 59.1 6.4
204 87.8 58.7 5.57
205 77.2 60.5 2.18
206 85.9 64.4 1.32
207 90.0 61.4 5.5
208 83.8 60.2 0.6
209 84.2 66.3 2.11
210 94.2 63.2 2.46
211 86.6 63.2 1.32
212 95.2 63.3 1.49
213 78.8 65.7 2.32
214 86.2 63.6 4.48
215 85.7 63.2 0.22
216 86.3 64.7 4.04
217 87.7 64.3 4.42
218 89.0 61.5 6.43
219 91.9 60.1 1.18
220 91.2 63.6 3.44
221 100.1 99.1 5.61
222 86.1 62.4 0.66
223 88.3 61.3 6.18
224 88.3 64.9 5.81
225 87.4 66.3 3.47
226 83.7 58.6 2.76
227 88.4 64.8 0.64
228 87.3 62.0 1.67
229 80.2 60.2 3.34
230 79.0 59.7 4.13
231 82.3 56.1 0.4
232 84.4 59.5 1.96
233 79.0 62.3 7.49
234 81.9 63.7 7.14
235 89.0 59.2 5.32
236 85.8 63.1 1.24
237 89.5 58.8 0.53
238 91.5 57.6 1.26
239 92.2 59.5 0.3
240 91.4 54.1 0.09
241 85.5 59.0 0.0
242 93.4 62.6 0.0
243 94.5 52.0 0.0
244 92.3 59.3 0.0
245 88.4 64.0 0.0
246 95.3 58.4 0.0
247 99.0 56.4 0.0
248 87.7 68.8 0.0
249 90.5 59.7 0.0
250 98.8 53.0 0.0
251 92.7 46.7 0.0
252 88.9 41.9 0.0
253 91.9 57.4 3.55
254 87.7 59.2 2.64
255 86.3 49.8 4.78
256 98.8 51.8 3.63
257 80.9 45.6 6.17
258 82.6 51.4 3.53
259 85.0 54.6 5.46
260 101.6 100.6 2.37
261 89.3 52.4 2.24
262 87.5 50.0 3.11
263 81.7 53.5 0.94
264 84.5 51.7 2.15
265 84.2 51.5 0.45
266 85.4 48.4 0.35
267 75.6 52.6 3.75
268 75.1 52.3 2.77
269 80.0 50.6 0.43
270 82.0 50.5 4.55
271 82.9 47.0 2.68
272 80.5 51.6 3.18
273 82.7 49.5 2.7
274 85.0 49.0 0.0
275 80.0 55.3 4.02
276 83.1 55.2 1.01
277 84.0 50.3 0.23
278 84.1 44.6 1.09
279 81.8 49.0 1.1
280 75.5 46.1 0.06
281 80.3 48.7 0.09
282 82.2 42.7 0.8
283 79.8 33.7 0.27
284 79.5 49.6 0.17
285 85.5 52.6 0.81
286 73.7 45.9 1.58
287 72.2 47.4 0.36
288 71.0 35.3 0.24
289 73.3 34.3 1.28
290 72.5 45.7 0.13
291 65.3 44.2 0.79
292 71.5 42.1 1.15
293 62.7 48.4 1.13
294 73.6 39.3 0.35
295 63.3 33.8 0.06
296 76.8 31.2 0.47
297 74.7 35.5 0.43
298 68.8 34.4 0.12
299 68.2 37.8 1.05
300 67.0 34.7 0.43
301 74.9 32.8 0.05
302 68.8 43.4 0.96
303 55.6 30.5 0.56
304 79.2 26.5 0.56
305 64.2 25.8 0.69
306 61.5 28.3 0.55
307 67.4 31.4 0.83
308 58.2 27.9 0.63
309 50.7 20.9 0.08
310 58.7 41.6 0.63
311 55.7 23.2 0.24
312 63.5 25.9 0.22
313 43.8 29.5 0.96
314 52.4 28.5 0.37
315 49.1 29.7 0.14
316 60.4 23.5 0.55
317 39.9 23.5 1.12
318 52.2 18.4 0.03
319 62.9 22.8 0.35
320 55.0 34.7 0.24
321 55.4 24.6 0.28
322 52.0 22.8 0.03
323 54.8 27.4 0.1
324 66.3 37.2 0.29
325 62.8 27.5 0.22
326 63.2 26.6 0.25
327 66.8 29.9 0.41
328 62.6 28.8 0.03
329 51.0 27.4 0.3
330 54.0 22.3 0.08
331 38.3 22.0 0.3
332 55.3 21.3 0.28
333 49.5 30.8 0.23
334 56.1 19.6 0.74
335 58.0 22.8 0.0
336 48.3 19.8 0.57
337 46.3 19.0 0.22
338 47.6 21.2 0.49
339 57.5 17.0 1.65
340 35.9 22.5 0.42
341 41.7 20.8 0.72
342 50.8 20.7 0.32
343 45.7 23.9 0.63
344 46.2 19.3 0.54
345 51.1 23.0 0.53
346 29.6 18.7 0.62
347 38.4 21.1 0.33
348 45.2 16.0 0.53
349 46.2 16.3 0.55
350 52.8 30.0 0.03
351 49.7 19.2 0.1
352 50.6 24.7 0.05
353 49.6 20.0 0.19
354 57.1 23.5 0.1
355 46.3 21.0 0.01
356 58.6 20.5 0.2
357 51.5 26.3 0.16
358 48.4 23.5 0.61
359 47.0 20.9 0.23
360 44.7 22.7 1.9
361 44.1 27.0 1.24
362 44.0 25.6 1.41
363 42.1 18.9 0.08
364 45.1 26.4 0.45
365 50.6 22.2 0.28
