2011001   8.7 -14.9 -12.0   1.0   1.8 71.5
2011002   9.2 -18.0  -2.1   1.5   1.3 69.8
2011003   8.3 -15.9   7.9   1.0   1.0 71.8
2011004   9.7 -16.7  -3.4   0.0   1.1 75.1
2011005   8.1 -14.8   5.1   0.0   1.2 74.0
2011006   7.9  -1.4   2.0   0.0   1.9 69.8
2011007   9.0 -10.4   7.1   0.0   2.8 70.8
2011008   4.6  -8.8  -1.4   0.0   2.6 87.3
2011009   3.1 -12.7  -9.0   0.0   2.6 94.8
2011010   7.1 -20.0 -14.4   0.0   2.4 88.2
2011011  10.8 -21.4  -7.2   0.0   1.2 68.8
2011012  10.9 -24.9  -9.4   0.0   1.7 73.0
2011013   8.6 -17.8   4.6   5.1   1.6 77.7
2011014   9.1 -12.3   8.8   0.0   1.1 79.8
2011015   4.7  -6.7  -2.1   0.0   1.9 97.5
2011016   5.1 -12.2   7.9   0.0   2.1 92.8
2011017   6.5   1.4  12.4   0.0   2.4 77.5
2011018   4.6  -6.8   3.0   0.3   2.1 90.5
2011019   3.0 -19.0  -5.3   0.0   2.5 94.1
2011020  10.2 -21.9  -2.0   0.8   2.1 84.5
2011021   8.1  -1.4   4.0   3.3   1.5 75.8
2011022   6.3  -6.6   3.3   1.8   3.3 80.4
2011023   9.2  -6.4   8.3   0.0   2.4 73.0
2011024   9.7  -7.2   7.3   0.0   1.6 70.1
2011025  11.0  -6.2   8.0   0.0   1.4 67.5
2011026  11.4 -10.5   5.6   0.0   1.3 73.9
2011027  11.1   0.2  14.4   0.0   1.5 64.8
2011028  11.5   0.6  12.0   0.0   1.4 59.1
2011029  10.8  -3.6   2.8   0.0   2.5 76.8
2011030   3.1  -5.6  -2.5   0.0   3.0 95.2
2016031  12.2  -3.9   8.8   0.0   1.1 67.2
2016032   5.0  -5.2   2.6   0.0   3.1 92.9
2016033   7.3  -7.5   2.7   0.0   6.8 90.1
2016034  13.2 -12.3   1.8   0.0   1.3 76.5
2016035  12.8  -9.8  -0.3   0.0   1.5 68.9
2016036  11.8  -8.1   2.1   0.0   1.9 81.3
2016037  11.7 -11.9  -1.2   0.0   2.0 70.6
2016038  11.9  -2.5   8.3   0.0   1.8 59.6
2016039  13.5  -6.5  -0.8   0.0   2.3 55.1
2016040   9.4  -3.3   2.0   0.0   1.4 69.5
2016041  14.8   1.9  11.6   0.0   1.4 65.8
2016042  11.6  -6.8  16.5   0.0   1.5 74.8
2016043   7.4  -6.9   2.1   0.0   2.4 89.0
2016044   5.8  -4.3   3.2   0.0   4.7 95.1
2016045  12.3   0.4   8.3   0.0   1.7 66.5
2016046  11.8  -7.2   9.8   0.0   1.7 73.0
2016047  12.7   2.9   5.1   0.0   1.9 63.7
2016048  13.2  -5.7  17.3   0.0   2.1 66.9
2016049  14.7   3.4  20.8   0.0   2.5 61.7
2016050  16.5   0.1  19.0   0.0   2.6 44.0
2016051  14.0  -7.3  12.6   0.0   1.8 52.7
2016052  15.5   0.2   6.5   0.0   1.9 66.3
2016053  13.1  -3.8  16.0   0.0   2.6 67.1
2016054  17.3  -5.8   9.2   0.0   2.8 50.0
2016055  17.2  -3.9   5.9   0.0   2.8 55.4
2016056  17.3  -4.2   6.8   0.0   2.2 54.6
2016057  18.2  -7.0  13.7   0.0   2.1 48.6
2016058  17.9  -5.6  21.8   0.0   1.9 42.3
2011059  16.9  -8.6  14.9   0.0   2.5 61.1
2011060  16.6  -8.3  17.7   0.0   2.7 55.9
2011061  13.6 -10.9  -0.2   0.0   3.0 73.1
2011062  16.2  -6.5  19.1   0.0   1.7 59.6
2011063   9.3 -11.5   3.6   0.0   3.5 72.6
2011064  15.9  -9.8   4.6   0.0   2.9 71.0
2011065  14.9  -6.8   5.3   0.0   5.1 66.9
2011066   8.1  -6.8  -9.4   0.0   4.4 91.5
2011067   9.4 -10.3  -6.8   0.5   2.5 98.3
2011068  18.9  -9.5   8.7   4.8   1.4 76.7
2011069  19.4 -10.5  21.9   0.0   1.7 64.4
2011070  17.3   1.4  13.6   0.0   2.7 53.5
2011071  16.3  -6.4  12.3   0.0   1.9 58.9
2011072   5.2  -6.4  -1.5   1.5   2.4 88.6
2011073  15.0  -7.3  12.6   0.0   4.4 69.7
2011074  19.3   0.3  10.8   0.0   2.3 62.0
2011075  16.3   3.4  17.9   0.0   3.1 58.0
2011076  15.5   2.2  11.9   0.0   2.4 54.9
2011077  17.9   3.4  14.8   1.3   2.4 64.9
2011078  16.0   0.2  10.8   0.0   5.2 64.9
2011079  18.2  -1.4  17.0   0.0   2.2 57.6
2011080   6.4   5.5  15.3   0.0   4.0 78.7
2011081  14.6  -0.3  22.0   0.0   2.8 58.3
2011082  20.4  -7.6   5.8   0.0   3.4 62.5
2011083  16.8  -8.7   9.7   0.0   3.3 70.6
2011084   5.1  -8.7   2.7   0.0   3.0 91.9
2011085   3.7  -5.7  -0.8   1.5   2.6 99.0
2011086   4.0  -2.1   3.3   0.0   3.7 96.6
2011087   5.5  -5.1  -0.7   1.3   3.7 99.0
2011088   6.1  -0.5   8.3   0.0   1.6 86.5
2011089  12.3   2.8  10.5   1.3   2.9 78.7
2022090  21.9  -7.4   8.6   0.5   2.0 56.9
2022091  17.7  -6.5   9.1   0.0   3.2 59.4
2022092  22.2   3.3  14.9   0.0   2.6 57.4
2022093  16.9  -8.3  16.3   0.0   4.3 45.2
2022094  22.3  -2.8  14.1   0.0   5.6 55.0
2022095  13.4  -1.1  12.9   0.0   6.2 40.8
2022096  12.4   2.2  11.7   0.0   7.3 53.0
2022097  18.5   5.6   9.6   0.0   8.5 49.4
2022098  24.4  -1.7  13.7   0.0   4.4 39.3
2022099  18.9   4.8  26.8   0.0   4.1 30.6
2022100  20.6  -1.2  18.7   0.0   6.2 44.9
2022101  23.9   0.1  14.0   0.0   4.6 49.1
2022102  22.2   3.5  20.6   0.0   8.2 51.8
2022103  24.3  -2.3  10.5   0.0   5.6 42.5
2022104  24.1  -4.2  10.5   0.0   4.0 34.8
2022105  23.1  -3.1  10.9   0.0   3.6 46.2
2022106  22.6  -7.1   7.0   0.0   2.3 47.1
2022107  21.5   2.0  13.7   0.0   4.8 29.7
2022108  24.3   0.3  12.9   0.0   2.6 36.2
2022109  22.0   2.8  20.7   0.0   7.9 50.8
2022110  24.7  11.5  21.7   0.0   4.1 43.0
2022111  23.6  -3.5  20.6   0.0   3.5 56.7
2022112  22.9  16.8  29.6   0.0   8.1 53.1
2022113  16.2   0.3  22.5   6.8   7.8 67.6
2022114  20.8  -0.7  19.6   0.0   7.5 51.9
2022115  26.5  -1.8  15.4   0.0   2.8 48.7
2022116  25.4   4.2  26.5   0.0   5.6 28.2
2022117  16.9  10.0  22.5   0.0   3.4 38.3
2022118  25.3   3.7  23.8   0.0   2.3 55.7
2022119   6.0   7.5  17.1  32.5   5.0 80.4
2013120  21.0   5.7  20.0   0.0   5.4 55.0
2013121   4.2   0.5   8.2  12.4   4.9 90.7
2013122  23.4   1.4  13.0   0.8   1.8 63.6
2013123  28.2  -1.1  15.2   0.0   2.4 61.7
2013124  21.4  -2.0   9.1   0.0   3.3 53.8
2013125  26.5   1.5  18.1   0.0   1.7 52.6
2013126  27.3   1.0  16.0   0.0   2.6 57.0
2013127  12.9  10.4  18.1   0.0   4.1 73.4
2013128  22.8   5.8  25.9  13.7   2.7 68.3
2013129   9.7   3.3  21.6   0.0   3.2 77.3
2013130  23.1   5.8  17.7   1.8   1.3 69.3
2013131  28.2   3.8  19.0   0.0   2.8 49.2
2013132  27.9   3.3  24.4   0.0   2.3 51.7
2013133  23.7  14.7  29.0   0.0   2.2 50.3
2013134  24.9  11.9  30.4   0.0   2.9 41.5
2013135  23.8  11.2  28.3   0.0   4.0 42.1
2013136  15.6  12.8  25.3   0.5   2.3 68.8
2013137  27.0  10.2  34.4   0.0   3.9 66.0
2013138  12.7  14.9  26.6   0.3   3.5 74.3
2013139  14.6  14.6  19.8   6.3   2.0 85.1
2013140  17.5   9.3  21.9   3.6   2.3 79.5
2013141  15.0   3.5   9.9   0.0   2.7 70.6
2013142  23.4   7.1  20.7   0.0   3.1 67.5
2013143  23.6   5.8  20.6   0.0   4.2 71.7
2013144  15.1  10.1  27.4  14.0   5.9 69.2
2013145  25.2  19.4  30.9   0.0   4.3 65.6
2013146  23.4  15.5  32.5   0.0   3.5 73.0
2013147  10.9  13.6  24.8   5.6   2.7 86.5
2013148  25.7  10.1  24.5   0.0   2.6 76.3
2013149  10.3  15.1  26.5  14.5   2.9 83.8
2013150  25.4  13.3  23.3   0.0   2.2 62.3
2022151  15.5   8.2  17.3   0.0   3.9 64.8
2022152  20.6   7.7  21.0   0.0   1.8 57.2
2022153  23.5   6.0  28.7   0.0   1.7 62.6
2022154  24.5  10.5  25.5   0.0   3.6 62.1
2022155  25.9  14.1  33.3   0.0   1.7 62.0
2022156  19.8  14.9  33.0   0.0   2.2 64.8
2022157  27.2  15.3  29.6   1.0   2.0 63.6
2022158   9.4  13.3  27.3  12.2   2.4 76.6
2022159  29.8  15.0  26.3   0.0   2.1 62.1
2022160  17.9  13.2  26.1   0.3   4.3 69.3
2022161  26.2  12.9  32.4   0.0   1.6 65.8
2022162  27.3  18.1  31.8   0.0   3.0 60.0
2022163  26.9  18.1  34.8   0.0   2.5 62.1
2022164  27.4  22.4  36.0   0.0   3.8 52.1
2022165  27.3  17.9  29.9   0.0   3.9 41.7
2022166  29.0  12.2  29.3   0.0   3.1 42.6
2022167  28.9  16.7  34.1   0.0   2.3 53.7
2022168  27.8  20.8  37.5   0.0   3.3 42.6
2022169  28.2  23.3  35.6   0.0   6.7 32.1
2022170  26.4  24.9  40.4   0.0   7.4 42.2
2022171  21.8  21.9  40.3   0.0   5.7 38.0
2022172  16.7  14.5  27.6   0.0   1.6 40.1
2022173  23.1   9.5  29.3   0.0   3.1 57.4
2022174  28.8  20.9  36.6   0.0   3.0 59.1
2022175  23.1  19.8  31.4   0.3   2.5 65.5
2022176  22.8  16.6  24.4   0.0   4.5 58.9
2022177  21.1   5.8  27.9   0.0   1.3 50.5
2022178  28.7  16.3  34.3   0.0   4.7 41.4
2022179  26.1  11.8  29.7   0.0   2.7 48.2
2022180  24.3  21.9  40.7   0.0   5.8 41.3
2013181  26.2  10.6  25.8   0.0   2.0 67.8
2013182  27.1  12.1  27.0   0.0   1.7 66.9
2013183  27.4  10.7  25.9   0.0   1.8 63.5
2013184  27.8  16.3  28.6   0.0   3.1 42.2
2013185  27.1  17.7  36.7   0.0   3.4 40.4
2013186  19.1  18.1  36.2   0.0   4.7 41.5
2013187  26.2  20.8  35.3   0.0   2.7 56.2
2013188  22.8  17.3  30.9   2.3   2.7 70.1
2013189  25.8  16.6  28.1   0.5   2.1 73.8
2013190  27.1  14.8  37.8   0.0   2.3 67.2
2013191  15.6  13.3  28.9   0.3   2.3 70.3
2013192  27.1  18.5  30.1   0.0   4.5 63.6
2013193  26.7  22.6  34.8   0.0   4.6 48.2
2013194  26.9  20.6  35.5   0.0   2.3 54.6
2013195  11.4  17.8  24.8   0.0   2.7 74.8
2013196  26.0  17.9  29.5   0.0   3.5 61.2
2013197  20.5  18.9  31.2   0.0   4.5 64.2
2013198  23.8  15.1  30.1   0.0   4.3 63.9
2013199  27.5  18.3  36.9   0.0   4.2 57.6
2013200  18.0  15.3  30.1   0.0   3.1 57.5
2013201  24.5  14.8  30.4  10.2   3.0 70.3
2013202  26.2  14.6  29.2   2.8   2.8 63.7
2013203  24.1  20.0  32.7   4.3   2.7 63.2
2013204  25.9  16.0  29.6   0.3   3.1 61.8
2013205  23.8  15.8  28.3   0.0   1.4 65.3
2013206  12.2  13.3  22.8  10.2   2.9 75.5
2013207  25.5  16.8  25.2   6.3   2.1 75.6
2013208  12.4  16.8  12.8   0.0   2.3 83.1
2013209   6.2  16.8  16.5   0.0   2.7 83.8
2013210   5.3  16.9  22.1   0.5   1.6 86.4
2013211  18.9  16.4  31.5  12.7   2.7 72.1
2020212  11.6  14.9  26.5   2.3   2.0 82.1
2020213  24.9  12.3  28.4   0.0   1.1 74.8
2020214  25.5  16.0  27.1   2.5   1.8 71.2
2020215  26.8   8.9  24.7   0.0   1.5 70.8
2020216  21.3   9.7  24.8   0.0   2.0 74.2
2020217  17.0  17.5  26.0   0.0   3.8 75.4
2020218  25.7  17.8  31.0   0.0   2.0 73.9
2020219  23.4  16.7  31.2   0.0   2.3 73.7
2020220  23.9  19.3  35.9   0.0   4.4 64.8
2020221  20.1  17.9  33.7   2.3   2.0 72.8
2020222  24.7  13.9  35.9   0.0   1.4 67.5
2020223  24.8  16.0  22.8   0.0   2.1 69.8
2020224  22.4  14.9  31.8   0.0   2.7 69.3
2020225  23.2  15.7  34.4   0.0   2.2 62.8
2020226  25.0  19.2  34.0   0.0   3.7 69.3
2020227  24.4  14.3  27.7   0.0   3.4 70.8
2020228  20.2  10.0  28.2   0.0   2.5 66.7
2020229  19.0  17.9  34.9   0.0   2.0 63.3
2020230  24.4  10.8  27.8   0.0   1.9 64.7
2020231  22.8  17.2  32.3   0.0   3.5 53.5
2020232  17.5  18.9  27.6   0.0   2.9 59.9
2020233  19.7  16.4  36.0   0.0   2.5 60.9
2020234  21.3  14.6  31.9   0.0   2.9 59.8
2020235  20.8  17.6  34.9   0.0   2.3 62.9
2020236  21.5  17.1  32.3   0.0   2.4 61.1
2020237  20.6  19.6  32.9   0.0   3.7 50.1
2020238  21.3  20.2  33.3   0.0   4.9 50.3
2020239  21.5  20.9  31.9   0.0   2.6 48.8
2020240  20.4  14.4  34.5   0.0   2.3 55.0
2020241  19.0  15.6  30.3   0.0   3.6 63.8
2020242  21.6  13.1  31.0   0.0   2.0 65.2
2008243  20.0  20.7  26.9   0.0   5.1 59.3
2008244  20.6  20.3  28.7   0.0   6.9 60.3
2008245  18.3  19.0  28.3   0.0   6.4 58.2
2008246  20.7   6.1  20.7   0.0   2.9 64.1
2008247  20.7   1.6  20.2   0.0   1.6 67.8
2008248  20.6   5.2  26.2   0.0   1.2 65.2
2008249   9.9   8.6  17.5  10.2   1.5 76.4
2008250  10.4  10.8  19.1  11.4   1.6 74.4
2008251   9.3   8.0  16.7   0.8   2.4 81.3
2008252  15.3  10.4  14.0   3.8   2.6 74.7
2008253  11.3  10.5  20.7   0.0   4.3 72.8
2008254  11.1  14.3  24.3   0.0   4.3 79.7
2008255   7.8  14.9  18.4   0.8   2.4 75.3
2008256   5.3  15.1  16.6   6.3   1.5 87.2
2008257  18.5   6.3  24.7   0.0   2.6 72.1
2008258  20.0   3.3  19.4   0.0   2.5 64.6
2008259  19.5   1.2  22.6   0.0   0.9 63.0
2008260  19.5   1.7  29.7   0.0   1.8 61.8
2008261  18.9   9.9  29.1   0.0   2.6 66.0
2008262  18.6  11.3  30.8   0.0   4.1 60.9
2008263  17.7  11.2  29.2   0.0   2.5 63.5
2008264  16.4   6.1  28.6   0.0   2.5 65.8
2008265  12.7  16.2  26.9   2.3   5.9 62.1
2008266  16.5  11.4  27.9   1.8   4.7 58.9
2008267  17.8   7.8  23.4   0.0   1.1 58.4
2008268  17.0   1.1  22.8   0.0   2.4 73.9
2008269  17.3  17.4  31.3   0.0   4.3 59.2
2008270  17.3  14.2  26.9   0.0   3.0 56.0
2008271  15.5  11.3  22.3   0.0   3.3 63.8
2008272  16.6   9.7  29.9   0.0   2.5 59.9
2005273  17.9  -2.4  32.0   0.0   1.9 58.8
2005274  17.2   4.6  27.6   0.0   3.0 63.0
2005275  15.8  12.3  26.9   0.0   2.4 58.1
2005276  17.1   7.9  27.5   0.0   2.3 55.2
2005277   8.3   7.9  17.0   2.3   3.1 88.5
2005278  13.4  -0.3  16.6   0.8   2.0 69.3
2005279  12.8  -4.3  10.2   0.0   1.3 65.6
2005280  16.6   0.9  14.0   0.0   3.2 63.9
2005281  16.8   2.1  21.0   0.0   5.1 55.1
2005282   5.5  11.1  15.5   0.0   3.5 58.2
2005283   2.6  11.1  11.0   4.3   2.5 88.3
2005284   2.3  11.1   4.4  10.9   0.9 99.0
2005285  11.8   0.4  25.0   0.3   1.0 74.7
2005286  15.2  -0.4  21.5   0.0   1.1 65.2
2005287  15.6   6.2  22.3   0.0   1.5 60.4
2005288  15.1  -2.5  25.1   0.0   3.2 66.2
2005289  13.3   5.2  18.4   0.0   2.9 71.0
2005290  13.8   9.5  25.7   0.0   1.4 63.0
2005291  14.6   5.5  32.0   0.0   1.7 56.9
2005292   6.4  11.0  16.2   1.5   3.3 72.4
2005293  13.3  -0.5  19.3   0.0   1.2 60.6
2005294   7.9   1.5  13.9   0.5   1.2 76.1
2005295  12.2   2.3  16.4   0.0   1.8 64.8
2005296  14.2  -4.7   5.0   0.0   1.1 64.1
2005297  14.2  -8.0  11.7   0.0   1.8 63.8
2005298  13.9  -7.2  23.6   0.0   2.0 60.9
2005299  13.2  -6.9  23.6   0.0   1.3 60.5
2005300  13.2  -6.9  14.8   0.0   3.5 65.6
2005301  11.6  10.7  24.1   0.0   4.3 59.6
2005302   8.4   8.4  21.8   0.3   1.8 73.6
2005303  10.4  -1.6  14.5   0.0   1.3 72.8
2008304  11.4   2.4  22.9   0.0   1.5 51.4
2008305  11.5  -4.0  20.8   0.0   1.4 59.9
2008306  10.5  -1.2  21.9   0.0   2.5 61.6
2008307  11.4   2.0  20.7   0.0   2.5 61.9
2008308   7.9   1.8  19.4   0.0   1.3 62.4
2008309   5.4   6.3  14.8   0.0   2.0 77.9
2008310   6.1   3.5   8.7   1.3   1.9 82.0
2008311   1.3  -2.1   3.1   0.0   3.7 81.5
2008312   9.0  -2.7   6.4   0.0   2.5 60.1
2008313  11.7  -7.9  12.0   0.0   1.9 60.8
2008314   9.7  -8.8   7.2   0.0   2.1 69.2
2008315   2.6   0.5   3.8   0.0   2.6 82.5
2008316   4.2  -2.6   5.3   0.0   1.2 95.3
2008317  10.2  -0.5  16.1   0.0   1.6 72.1
2008318   1.6   5.6  14.6   0.0   2.5 65.0
2008319   3.6   0.8   3.3   0.0   3.2 74.5
2008320  10.7 -10.0  12.6   0.0   1.9 58.3
2008321   8.6   2.4  18.0   0.0   1.8 69.1
2008322   5.7  -3.2   1.4   0.0   1.3 77.2
2008323   9.3   0.6  13.8   0.0   2.5 77.6
2008324   9.6   0.9  14.5   0.0   3.1 73.7
2008325   8.6  -6.6  -2.1   0.0   3.2 76.1
2008326   9.6  -6.7   3.0   0.0   2.7 70.0
2008327   9.7  -8.0  18.6   0.0   2.4 70.9
2008328   8.0  -7.7   9.4   0.0   2.4 81.1
2008329   9.5  -4.7  12.6   0.0   1.2 79.4
2008330   8.0  -7.4  16.7   0.0   2.4 74.1
2008331   9.1  -5.4  13.3   0.0   1.1 52.9
2008332   5.0  -3.9   4.5   0.0   2.4 71.4
2008333   6.6  -4.3   2.9   0.0   1.7 77.3
2023334   8.0  -3.7   2.7   0.0   2.7 65.4
2023335   6.5  -6.5   4.7   0.0   2.1 70.4
2023336   8.2  -5.2   5.1   0.0   2.7 56.5
2023337   6.1  -3.9   7.3   0.0   3.2 58.0
2023338   3.8 -10.4  10.3   0.0   2.5 69.8
2023339   5.7  -3.3  11.7   0.0   2.3 67.9
2023340   7.0  -4.9  19.9   0.0   1.9 57.1
2023341   8.6  -2.4  18.9   0.0   3.1 56.2
2023342   5.0  -1.0   5.7   0.0   3.3 51.2
2023343   7.6  -6.9   1.6   0.0   4.3 53.4
2023344   5.1  -6.5   9.2   0.0   1.9 56.0
2023345   8.3  -7.0  11.1   0.0   1.9 60.1
2023346   5.0  -7.3   3.0   0.0   1.5 58.4
2023347   5.7 -10.3   8.8   0.0   1.4 64.6
2023348   1.4 -10.3   3.6   1.0   3.9 85.2
2023349   8.0  -1.2   5.8   0.0   3.0 63.3
2023350   8.2 -10.3  12.0   0.0   2.4 57.5
2023351   8.0  -2.7  13.8   0.0   2.2 47.0
2023352   7.7 -10.7   7.0   0.0   3.7 64.3
2023353   6.3  -2.8  16.8   0.0   2.1 58.6
2023354   4.9  -6.6   5.4   0.0   1.0 61.9
2023355   5.2  -4.5  15.1   0.0   1.8 63.5
2023356   7.8  -4.7  19.9   0.0   1.8 59.8
2023357   1.9   1.4  13.9   0.5   2.9 81.8
2023358   1.9  -2.8   7.9   7.1   6.2 80.3
2023359   3.0  -7.2  -0.9   0.0   7.1 72.7
2023360   3.4  -7.2  -3.8   0.0   6.7 82.0
2023361   3.8  -0.9   2.7   0.5   3.5 85.4
2023362   7.2  -0.7   3.6   0.0   2.7 76.4
2023363   8.3  -8.4   8.9   0.0   1.7 70.2
2023364   8.2  -1.3   8.4   0.0   1.3 69.4
