001 6.0 -11.0 0.0
002 16.0 -10.0 0.0
003 22.0 -8.0 0.0
004 32.0 31.0 0.0
005 33.0 2.0 0.0
006 20.0 -1.0 0.0
007 30.0 -0.0 0.0
008 18.0 17.0 0.0
009 26.0 0.0 0.0
010 43.0 0.0 1.0
011 39.0 38.0 0.0
012 26.0 10.0 0.0
013 34.0 33.0 0.0
014 42.0 41.0 0.0
015 28.0 11.0 0.0
016 26.0 1.0 0.0
017 38.0 -4.0 0.0
018 41.0 19.0 0.0
019 37.0 3.0 0.0
020 26.0 10.0 1.0
021 33.0 14.0 0.0
022 46.0 10.0 0.0
023 53.0 22.0 0.0
024 58.0 12.0 0.0
025 44.0 15.0 0.0
026 42.0 24.0 0.0
027 47.0 20.0 0.0
028 42.0 16.0 0.0
029 44.0 21.0 0.0
030 29.0 23.0 0.0
031 50.0 24.0 0.0
032 48.0 22.0 0.0
033 31.0 11.0 0.0
034 32.0 12.0 0.0
035 45.0 14.0 0.0
036 52.0 16.0 0.0
037 45.0 19.0 0.0
038 45.0 18.0 0.0
039 35.0 16.0 0.0
040 41.0 19.0 0.0
041 43.0 21.0 0.0
042 53.0 18.0 0.0
043 49.0 14.0 0.0
044 46.0 23.0 0.0
045 49.0 17.0 0.0
046 54.0 15.0 0.0
047 41.0 40.0 0.0
048 51.0 16.0 0.0
049 47.0 12.0 0.0
050 41.0 14.0 0.0
051 49.0 13.0 0.0
052 43.0 14.0 0.0
053 48.0 19.0 0.0
054 59.0 19.0 0.0
055 50.0 13.0 0.0
056 47.0 17.0 0.0
057 46.0 45.0 0.0
058 33.0 19.0 0.0
059 27.0 15.0 0.0
060 37.0 15.0 0.0
061 48.0 16.0 0.0
062 32.0 13.0 0.0
063 52.0 37.0 0.0
064 42.0 41.0 0.0
065 43.0 16.0 0.0
066 45.0 12.0 0.0
067 23.0 22.0 0.0
068 43.0 17.0 0.0
069 38.0 37.0 0.0
070 51.0 13.0 1.0
071 36.0 35.0 1.0
072 35.0 19.0 0.0
073 41.0 16.0 1.0
074 57.0 16.0 1.0
075 36.0 35.0 0.0
076 40.0 26.0 0.0
077 42.0 17.0 0.0
078 38.0 21.0 0.0
079 42.0 25.0 1.0
080 47.0 18.0 1.0
081 46.0 21.0 0.0
082 52.0 23.0 0.0
083 66.0 23.0 0.0
084 52.0 25.0 0.0
085 37.0 25.0 0.0
086 51.0 31.0 0.0
087 72.0 18.0 0.0
088 55.0 32.0 0.0
089 56.0 21.0 0.0
090 60.0 26.0 0.0
091 61.0 25.0 0.0
092 52.0 31.0 0.0
093 55.0 26.0 0.0
094 62.0 27.0 0.0
095 52.0 28.0 0.0
096 61.0 32.0 0.0
097 51.0 27.0 0.0
098 53.0 31.0 0.0
099 60.0 31.0 0.0
100 57.0 32.0 0.0
101 54.0 36.0 0.0
102 62.0 30.0 0.0
103 59.0 29.0 0.0
104 54.0 27.0 0.0
105 62.0 32.0 0.0
106 52.0 26.0 0.0
107 55.0 29.0 0.0
108 62.0 32.0 0.0
109 56.0 35.0 0.0
110 62.0 30.0 0.0
111 64.0 31.0 0.0
112 67.0 20.0 0.0
113 66.0 29.0 0.0
114 73.0 33.0 0.0
115 61.0 33.0 0.0
116 74.0 33.0 0.0
117 71.0 33.0 0.0
118 57.0 33.0 0.0
119 66.0 39.0 1.0
120 66.0 37.0 4.0
121 69.0 36.0 5.0
122 67.0 43.0 1.0
123 71.0 36.0 7.0
124 49.0 40.0 3.0
125 57.0 38.0 15.0
126 69.0 43.0 1.0
127 59.0 35.0 0.0
128 67.0 34.0 3.0
129 71.0 43.0 7.0
130 58.0 43.0 8.0
131 58.0 42.0 5.0
132 67.0 42.0 6.0
133 71.0 42.0 6.0
134 72.0 38.0 3.0
135 84.0 48.0 0.0
136 73.0 48.0 4.0
137 80.0 46.0 9.0
138 62.0 43.0 1.0
139 69.0 43.0 8.0
140 77.0 48.0 7.0
141 75.0 36.0 5.0
142 67.0 40.0 1.0
143 66.0 47.0 3.0
144 73.0 47.0 3.0
145 69.0 49.0 3.0
146 78.0 47.0 3.0
147 83.0 50.0 2.0
148 76.0 43.0 0.0
149 73.0 47.0 0.0
150 77.0 46.0 0.0
151 78.0 47.0 0.0
152 65.0 45.0 0.0
153 73.0 48.0 5.0
154 68.0 40.0 2.0
155 72.0 43.0 1.0
156 79.0 41.0 1.0
157 62.0 50.0 0.0
158 79.0 48.0 1.0
159 69.0 43.0 3.0
160 75.0 45.0 0.0
161 84.0 43.0 2.0
162 84.0 55.0 2.0
163 83.0 54.0 1.0
164 80.0 60.0 1.0
165 80.0 63.0 2.0
166 85.0 55.0 3.0
167 91.0 52.0 1.0
168 76.0 52.0 1.0
169 86.0 57.0 1.0
170 84.0 65.0 1.0
171 81.0 64.0 1.0
172 88.0 66.0 4.0
173 90.0 66.0 0.0
174 95.0 48.0 3.0
175 92.0 61.0 1.0
176 89.0 60.0 0.0
177 100.0 99.0 3.0
178 86.0 67.0 0.0
179 89.0 64.0 0.0
180 89.0 60.0 0.0
181 89.0 58.0 0.0
182 92.0 62.0 0.0
183 88.0 60.0 4.0
184 92.0 62.0 3.0
185 90.0 72.0 3.0
186 94.0 71.0 3.0
187 89.0 68.0 10.0
188 91.0 63.0 2.0
189 91.0 67.0 7.0
190 89.0 60.0 5.0
191 80.0 63.0 8.0
192 97.0 66.0 4.0
193 81.0 64.0 6.0
194 85.0 65.0 2.0
195 93.0 61.0 5.0
196 89.0 63.0 1.0
197 88.0 68.0 5.0
198 95.0 65.0 6.0
199 89.0 65.0 7.0
200 92.0 66.0 2.0
201 93.0 64.0 1.0
202 100.0 99.0 10.0
203 93.0 63.0 6.0
204 91.0 64.0 6.0
205 95.0 66.0 5.0
206 95.0 63.0 2.0
207 91.0 63.0 2.0
208 93.0 64.0 5.0
209 91.0 65.0 7.0
210 94.0 66.0 1.0
211 88.0 61.0 2.0
212 85.0 63.0 8.0
213 92.0 64.0 2.0
214 88.0 65.0 2.0
215 93.0 63.0 3.0
216 85.0 61.0 4.0
217 90.0 63.0 5.0
218 92.0 66.0 2.0
219 84.0 65.0 4.0
220 91.0 60.0 3.0
221 87.0 65.0 4.0
222 85.0 61.0 1.0
223 92.0 62.0 1.0
224 89.0 59.0 0.0
225 94.0 61.0 4.0
226 90.0 64.0 4.0
227 89.0 63.0 3.0
228 79.0 60.0 0.0
229 91.0 62.0 0.0
230 84.0 63.0 0.0
231 95.0 60.0 1.0
232 99.0 63.0 1.0
233 89.0 63.0 1.0
234 92.0 61.0 1.0
235 87.0 60.0 2.0
236 84.0 61.0 1.0
237 92.0 63.0 0.0
238 91.0 57.0 2.0
239 88.0 59.0 1.0
240 88.0 57.0 1.0
241 84.0 62.0 1.0
242 85.0 58.0 1.0
243 89.0 62.0 1.0
244 86.0 61.0 0.0
245 87.0 56.0 2.0
246 94.0 51.0 1.0
247 87.0 63.0 0.0
248 83.0 53.0 0.0
249 93.0 55.0 0.0
250 90.0 56.0 0.0
251 91.0 55.0 0.0
252 89.0 57.0 0.0
253 94.0 53.0 1.0
254 86.0 54.0 0.0
255 90.0 55.0 1.0
256 84.0 62.0 1.0
257 100.0 99.0 0.0
258 94.0 52.0 1.0
259 89.0 55.0 1.0
260 87.0 55.0 2.0
261 85.0 53.0 1.0
262 84.0 54.0 0.0
263 94.0 50.0 1.0
264 91.0 49.0 2.0
265 84.0 54.0 0.0
266 85.0 52.0 3.0
267 94.0 58.0 0.0
268 86.0 51.0 1.0
269 86.0 55.0 1.0
270 73.0 59.0 3.0
271 87.0 47.0 1.0
272 83.0 49.0 5.0
273 81.0 50.0 3.0
274 71.0 51.0 1.0
275 83.0 46.0 5.0
276 87.0 53.0 4.0
277 78.0 53.0 0.0
278 79.0 48.0 4.0
279 82.0 52.0 1.0
280 76.0 50.0 2.0
281 73.0 49.0 1.0
282 75.0 48.0 1.0
283 71.0 50.0 0.0
284 76.0 45.0 1.0
285 74.0 44.0 0.0
286 72.0 44.0 0.0
287 77.0 42.0 0.0
288 72.0 44.0 1.0
289 72.0 51.0 0.0
290 70.0 40.0 0.0
291 73.0 42.0 2.0
292 67.0 26.0 2.0
293 66.0 39.0 0.0
294 54.0 44.0 1.0
295 73.0 35.0 1.0
296 76.0 37.0 1.0
297 62.0 27.0 0.0
298 74.0 30.0 0.0
299 69.0 26.0 0.0
300 67.0 30.0 0.0
301 68.0 34.0 0.0
302 54.0 29.0 0.0
303 70.0 35.0 0.0
304 65.0 32.0 0.0
305 58.0 42.0 0.0
306 76.0 30.0 0.0
307 56.0 39.0 0.0
308 63.0 26.0 0.0
309 58.0 25.0 1.0
310 73.0 39.0 0.0
311 66.0 37.0 1.0
312 63.0 32.0 0.0
313 64.0 41.0 1.0
314 63.0 36.0 0.0
315 60.0 39.0 1.0
316 52.0 38.0 1.0
317 54.0 34.0 0.0
318 35.0 30.0 1.0
319 52.0 25.0 0.0
320 52.0 29.0 1.0
321 32.0 24.0 1.0
322 47.0 32.0 1.0
323 52.0 21.0 1.0
324 46.0 15.0 0.0
325 41.0 14.0 1.0
326 36.0 10.0 1.0
327 52.0 13.0 0.0
328 56.0 23.0 0.0
329 47.0 22.0 0.0
330 57.0 22.0 0.0
331 51.0 50.0 0.0
332 41.0 19.0 0.0
333 56.0 55.0 0.0
334 48.0 17.0 0.0
335 50.0 16.0 0.0
336 46.0 17.0 0.0
337 45.0 12.0 0.0
338 52.0 13.0 0.0
339 35.0 15.0 0.0
340 50.0 13.0 0.0
341 44.0 19.0 0.0
342 47.0 17.0 0.0
343 43.0 17.0 0.0
344 51.0 16.0 0.0
345 50.0 17.0 0.0
346 42.0 14.0 0.0
347 49.0 17.0 1.0
348 39.0 18.0 0.0
349 53.0 13.0 2.0
350 41.0 13.0 2.0
351 42.0 20.0 0.0
352 42.0 20.0 1.0
353 44.0 20.0 1.0
354 43.0 11.0 0.0
355 44.0 12.0 1.0
356 21.0 20.0 1.0
357 41.0 40.0 1.0
358 36.0 35.0 1.0
359 13.0 12.0 2.0
360 38.0 17.0 0.0
361 26.0 12.0 0.0
362 31.0 14.0 1.0
363 39.0 -9.0 1.0
364 34.0 19.0 1.0
365 38.0 37.0 0.0
