001 6.0 -11.0 0.0
002 28.0 -10.0 0.0
003 25.0 24.0 0.0
004 24.0 -3.0 -0.0
005 27.0 2.0 0.0
006 21.0 20.0 0.0
007 20.0 -1.0 0.0
008 31.0 2.0 0.0
009 13.0 -1.0 0.0
010 37.0 36.0 -0.0
011 24.0 23.0 1.0
012 32.0 1.0 1.0
013 39.0 -6.0 1.0
014 36.0 0.0 0.0
015 46.0 45.0 0.0
016 28.0 13.0 -0.0
017 34.0 12.0 -0.0
018 36.0 25.0 0.0
019 38.0 2.0 1.0
020 35.0 12.0 0.0
021 31.0 12.0 -0.0
022 39.0 38.0 -0.0
023 44.0 43.0 0.0
024 38.0 14.0 0.0
025 31.0 16.0 0.0
026 35.0 14.0 -0.0
027 41.0 16.0 1.0
028 36.0 35.0 0.0
029 44.0 18.0 0.0
030 49.0 19.0 -0.0
031 44.0 21.0 0.0
032 49.0 15.0 -0.0
033 46.0 15.0 0.0
034 38.0 16.0 0.0
035 38.0 12.0 1.0
036 46.0 15.0 0.0
037 35.0 34.0 -0.0
038 37.0 11.0 0.0
039 33.0 15.0 0.0
040 47.0 21.0 0.0
041 43.0 16.0 0.0
042 50.0 15.0 0.0
043 42.0 15.0 0.0
044 43.0 17.0 0.0
045 48.0 25.0 0.0
046 44.0 18.0 0.0
047 51.0 13.0 0.0
048 53.0 15.0 0.0
049 42.0 17.0 0.0
050 40.0 19.0 0.0
051 49.0 20.0 0.0
052 51.0 18.0 0.0
053 55.0 17.0 0.0
054 44.0 16.0 0.0
055 35.0 16.0 0.0
056 36.0 24.0 0.0
057 49.0 12.0 0.0
058 48.0 14.0 0.0
059 38.0 13.0 0.0
060 43.0 16.0 0.0
061 57.0 11.0 0.0
062 37.0 16.0 0.0
063 44.0 26.0 0.0
064 46.0 17.0 0.0
065 37.0 22.0 0.0
066 50.0 13.0 0.0
067 64.0 5.0 0.0
068 39.0 -3.0 0.0
069 39.0 10.0 -0.0
070 31.0 14.0 0.0
071 25.0 17.0 0.0
072 33.0 16.0 -0.0
073 38.0 14.0 0.0
074 30.0 15.0 -0.0
075 66.0 5.0 1.0
076 30.0 12.0 -0.0
077 47.0 18.0 -0.0
078 44.0 25.0 -0.0
079 52.0 29.0 0.0
080 46.0 21.0 -0.0
081 55.0 28.0 0.0
082 61.0 17.0 0.0
083 37.0 22.0 -0.0
084 44.0 25.0 1.0
085 48.0 18.0 0.0
086 51.0 24.0 0.0
087 61.0 20.0 0.0
088 64.0 23.0 -0.0
089 50.0 28.0 0.0
090 64.0 26.0 -0.0
091 56.0 29.0 0.0
092 51.0 28.0 0.0
093 53.0 27.0 0.0
094 65.0 26.0 0.0
095 63.0 24.0 0.0
096 60.0 28.0 0.0
097 61.0 26.0 0.0
098 58.0 28.0 0.0
099 56.0 27.0 -0.0
100 59.0 31.0 0.0
101 66.0 27.0 0.0
102 63.0 32.0 0.0
103 58.0 30.0 0.0
104 53.0 30.0 0.0
105 58.0 32.0 -0.0
106 65.0 28.0 0.0
107 49.0 29.0 0.0
108 51.0 28.0 0.0
109 58.0 26.0 0.0
110 63.0 31.0 0.0
111 57.0 35.0 0.0
112 58.0 28.0 0.0
113 53.0 36.0 1.0
114 62.0 31.0 1.0
115 61.0 32.0 1.0
116 61.0 31.0 1.0
117 54.0 43.0 1.0
118 68.0 23.0 2.0
119 70.0 28.0 2.0
120 76.0 33.0 3.0
121 77.0 36.0 0.0
122 57.0 41.0 5.0
123 64.0 40.0 10.0
124 61.0 38.0 18.0
125 54.0 34.0 -2.0
126 70.0 44.0 -2.0
127 71.0 36.0 -3.0
128 73.0 34.0 2.0
129 62.0 34.0 1.0
130 75.0 36.0 5.0
131 60.0 46.0 8.0
132 72.0 41.0 13.0
133 67.0 35.0 8.0
134 72.0 47.0 -1.0
135 77.0 46.0 11.0
136 70.0 47.0 10.0
137 62.0 41.0 1.0
138 80.0 42.0 0.0
139 73.0 43.0 8.0
140 69.0 47.0 3.0
141 63.0 45.0 6.0
142 83.0 40.0 4.0
143 72.0 44.0 5.0
144 77.0 45.0 -2.0
145 75.0 40.0 1.0
146 71.0 43.0 3.0
147 78.0 50.0 1.0
148 82.0 53.0 2.0
149 71.0 52.0 -1.0
150 74.0 46.0 -1.0
151 76.0 47.0 -0.0
152 77.0 45.0 3.0
153 61.0 51.0 -1.0
154 75.0 43.0 -2.0
155 78.0 50.0 2.0
156 85.0 41.0 -2.0
157 77.0 39.0 -2.0
158 69.0 48.0 0.0
159 73.0 42.0 -0.0
160 64.0 52.0 2.0
161 72.0 54.0 0.0
162 66.0 45.0 3.0
163 75.0 54.0 0.0
164 82.0 49.0 -2.0
165 93.0 46.0 1.0
166 76.0 54.0 2.0
167 79.0 51.0 0.0
168 87.0 59.0 1.0
169 82.0 55.0 1.0
170 82.0 57.0 -3.0
171 89.0 61.0 2.0
172 83.0 65.0 2.0
173 92.0 65.0 1.0
174 83.0 64.0 1.0
175 91.0 68.0 -0.0
176 79.0 61.0 -1.0
177 82.0 64.0 1.0
178 92.0 58.0 -0.0
179 88.0 64.0 0.0
180 89.0 67.0 0.0
181 99.0 63.0 0.0
182 91.0 66.0 0.0
183 94.0 67.0 -0.0
184 89.0 58.0 2.0
185 91.0 65.0 7.0
186 82.0 56.0 6.0
187 88.0 66.0 8.0
188 88.0 59.0 6.0
189 82.0 61.0 7.0
190 85.0 63.0 5.0
191 93.0 56.0 2.0
192 91.0 68.0 9.0
193 88.0 60.0 -1.0
194 87.0 67.0 9.0
195 86.0 66.0 7.0
196 100.0 99.0 8.0
197 97.0 66.0 5.0
198 94.0 67.0 -0.0
199 92.0 67.0 -4.0
200 87.0 64.0 4.0
201 91.0 67.0 2.0
202 98.0 64.0 1.0
203 91.0 62.0 -1.0
204 92.0 70.0 3.0
205 89.0 67.0 2.0
206 85.0 61.0 -1.0
207 90.0 66.0 1.0
208 86.0 65.0 4.0
209 88.0 64.0 3.0
210 95.0 60.0 5.0
211 87.0 66.0 2.0
212 86.0 60.0 4.0
213 90.0 66.0 2.0
214 93.0 66.0 6.0
215 89.0 63.0 -0.0
216 84.0 66.0 -2.0
217 89.0 61.0 6.0
218 90.0 61.0 1.0
219 97.0 68.0 8.0
220 88.0 69.0 0.0
221 93.0 66.0 1.0
222 81.0 66.0 7.0
223 92.0 63.0 5.0
224 89.0 62.0 4.0
225 90.0 61.0 4.0
226 84.0 63.0 6.0
227 98.0 56.0 2.0
228 90.0 62.0 -0.0
229 94.0 63.0 -1.0
230 93.0 69.0 0.0
231 91.0 60.0 1.0
232 92.0 66.0 -1.0
233 88.0 64.0 -0.0
234 84.0 59.0 -1.0
235 81.0 63.0 3.0
236 86.0 61.0 1.0
237 87.0 59.0 1.0
238 92.0 58.0 -1.0
239 85.0 59.0 -0.0
240 93.0 60.0 1.0
241 89.0 60.0 1.0
242 86.0 59.0 0.0
243 87.0 61.0 0.0
244 80.0 55.0 1.0
245 88.0 60.0 1.0
246 91.0 58.0 2.0
247 92.0 51.0 0.0
248 92.0 55.0 0.0
249 90.0 59.0 0.0
250 91.0 55.0 -0.0
251 90.0 51.0 -0.0
252 92.0 54.0 0.0
253 87.0 50.0 0.0
254 84.0 54.0 1.0
255 96.0 56.0 1.0
256 84.0 50.0 1.0
257 88.0 54.0 1.0
258 91.0 52.0 -0.0
259 90.0 47.0 2.0
260 91.0 49.0 3.0
261 86.0 56.0 -0.0
262 83.0 52.0 2.0
263 82.0 54.0 1.0
264 106.0 105.0 3.0
265 83.0 59.0 2.0
266 95.0 53.0 3.0
267 97.0 52.0 -2.0
268 81.0 54.0 1.0
269 79.0 52.0 1.0
270 69.0 57.0 2.0
271 82.0 47.0 1.0
272 88.0 49.0 2.0
273 80.0 45.0 0.0
274 83.0 52.0 -0.0
275 77.0 54.0 2.0
276 77.0 52.0 3.0
277 87.0 47.0 3.0
278 77.0 49.0 1.0
279 83.0 50.0 -1.0
280 74.0 51.0 2.0
281 77.0 54.0 -1.0
282 74.0 40.0 -2.0
283 80.0 37.0 0.0
284 82.0 45.0 1.0
285 66.0 38.0 2.0
286 81.0 42.0 3.0
287 77.0 39.0 2.0
288 77.0 42.0 0.0
289 76.0 43.0 0.0
290 72.0 43.0 -1.0
291 72.0 33.0 1.0
292 63.0 32.0 1.0
293 67.0 42.0 1.0
294 75.0 39.0 1.0
295 71.0 33.0 1.0
296 65.0 34.0 1.0
297 72.0 35.0 1.0
298 77.0 32.0 0.0
299 65.0 38.0 -0.0
300 61.0 30.0 -0.0
301 70.0 33.0 0.0
302 65.0 27.0 0.0
303 77.0 32.0 -0.0
304 69.0 33.0 0.0
305 57.0 27.0 -0.0
306 57.0 34.0 -0.0
307 55.0 30.0 0.0
308 61.0 36.0 0.0
309 59.0 31.0 1.0
310 64.0 29.0 0.0
311 76.0 38.0 -0.0
312 46.0 39.0 0.0
313 60.0 39.0 1.0
314 60.0 36.0 1.0
315 49.0 34.0 1.0
316 59.0 38.0 -0.0
317 60.0 25.0 -0.0
318 48.0 31.0 1.0
319 41.0 29.0 -0.0
320 54.0 24.0 0.0
321 46.0 34.0 0.0
322 44.0 25.0 1.0
323 52.0 19.0 0.0
324 50.0 23.0 0.0
325 44.0 26.0 1.0
326 49.0 24.0 -0.0
327 49.0 17.0 -0.0
328 56.0 15.0 0.0
329 53.0 19.0 0.0
330 52.0 20.0 0.0
331 39.0 24.0 0.0
332 46.0 13.0 0.0
333 40.0 14.0 0.0
334 48.0 13.0 -0.0
335 39.0 18.0 0.0
336 38.0 13.0 -0.0
337 45.0 14.0 0.0
338 47.0 18.0 0.0
339 34.0 19.0 0.0
340 45.0 13.0 0.0
341 44.0 16.0 0.0
342 46.0 16.0 0.0
343 42.0 17.0 -0.0
344 47.0 19.0 0.0
345 41.0 24.0 0.0
346 52.0 19.0 -0.0
347 47.0 11.0 -0.0
348 45.0 17.0 2.0
349 46.0 16.0 1.0
350 35.0 19.0 1.0
351 38.0 21.0 -0.0
352 34.0 19.0 -1.0
353 45.0 15.0 -2.0
354 33.0 21.0 1.0
355 39.0 38.0 -1.0
356 35.0 15.0 2.0
357 27.0 13.0 1.0
358 32.0 31.0 1.0
359 36.0 16.0 3.0
360 44.0 15.0 -0.0
361 6.0 5.0 1.0
362 31.0 3.0 0.0
363 35.0 13.0 1.0
364 29.0 2.0 1.0
365 39.0 10.0 2.0
