001 6.0 -11.0 0.0
002 16.0 -9.0 0.0
003 33.0 -1.0 0.0
004 30.0 -3.0 0.0
005 17.0 -1.0 0.0
006 35.0 1.0 0.0
007 26.0 -2.0 0.0
008 20.0 1.0 0.0
009 25.0 24.0 1.0
010 37.0 36.0 0.0
011 27.0 1.0 0.0
012 54.0 12.0 0.0
013 42.0 41.0 0.0
014 32.0 31.0 0.0
015 39.0 38.0 0.0
016 28.0 27.0 0.0
017 41.0 12.0 0.0
018 37.0 15.0 0.0
019 46.0 3.0 0.0
020 38.0 3.0 0.0
021 46.0 4.0 0.0
022 39.0 -5.0 0.0
023 40.0 18.0 0.0
024 46.0 11.0 0.0
025 41.0 21.0 0.0
026 53.0 20.0 1.0
027 43.0 16.0 0.0
028 41.0 27.0 0.0
029 49.0 19.0 0.0
030 32.0 19.0 0.0
031 27.0 20.0 0.0
032 46.0 11.0 0.0
033 42.0 16.0 0.0
034 36.0 20.0 0.0
035 46.0 12.0 0.0
036 40.0 12.0 0.0
037 36.0 12.0 0.0
038 35.0 15.0 0.0
039 35.0 14.0 0.0
040 54.0 15.0 0.0
041 37.0 24.0 0.0
042 46.0 15.0 0.0
043 34.0 18.0 0.0
044 47.0 13.0 0.0
045 44.0 18.0 0.0
046 45.0 19.0 0.0
047 43.0 17.0 0.0
048 51.0 16.0 0.0
049 43.0 19.0 0.0
050 43.0 20.0 0.0
051 55.0 16.0 0.0
052 43.0 13.0 0.0
053 54.0 22.0 0.0
054 44.0 20.0 0.0
055 41.0 18.0 0.0
056 35.0 15.0 0.0
057 55.0 13.0 0.0
058 28.0 13.0 0.0
059 27.0 11.0 0.0
060 45.0 11.0 0.0
061 52.0 21.0 0.0
062 55.0 54.0 0.0
063 49.0 19.0 0.0
064 48.0 31.0 0.0
065 38.0 20.0 0.0
066 45.0 15.0 1.0
067 41.0 28.0 0.0
068 34.0 10.0 0.0
069 39.0 20.0 0.0
070 40.0 39.0 1.0
071 23.0 15.0 0.0
072 42.0 13.0 0.0
073 37.0 13.0 1.0
074 28.0 20.0 1.0
075 46.0 24.0 1.0
076 41.0 15.0 1.0
077 41.0 17.0 0.0
078 66.0 25.0 0.0
079 61.0 22.0 0.0
080 65.0 16.0 1.0
081 55.0 22.0 1.0
082 44.0 20.0 1.0
083 47.0 13.0 0.0
084 44.0 25.0 0.0
085 53.0 21.0 1.0
086 52.0 24.0 0.0
087 67.0 34.0 0.0
088 53.0 28.0 0.0
089 57.0 28.0 0.0
090 57.0 19.0 0.0
091 56.0 30.0 1.0
092 52.0 30.0 0.0
093 54.0 28.0 0.0
094 55.0 31.0 0.0
095 55.0 26.0 0.0
096 59.0 30.0 0.0
097 59.0 27.0 0.0
098 52.0 30.0 0.0
099 57.0 26.0 0.0
100 60.0 33.0 0.0
101 53.0 32.0 0.0
102 57.0 29.0 0.0
103 61.0 31.0 0.0
104 61.0 33.0 0.0
105 48.0 30.0 0.0
106 50.0 30.0 0.0
107 54.0 27.0 0.0
108 52.0 27.0 0.0
109 57.0 31.0 0.0
110 56.0 30.0 0.0
111 66.0 27.0 0.0
112 51.0 29.0 0.0
113 48.0 34.0 0.0
114 49.0 36.0 0.0
115 65.0 24.0 0.0
116 68.0 27.0 0.0
117 61.0 21.0 0.0
118 59.0 39.0 0.0
119 71.0 39.0 5.0
120 68.0 23.0 3.0
121 66.0 35.0 4.0
122 62.0 33.0 12.0
123 58.0 38.0 2.0
124 70.0 41.0 6.0
125 69.0 39.0 12.0
126 65.0 37.0 6.0
127 65.0 40.0 3.0
128 55.0 42.0 5.0
129 58.0 35.0 6.0
130 61.0 43.0 4.0
131 84.0 48.0 0.0
132 73.0 39.0 5.0
133 62.0 45.0 4.0
134 67.0 41.0 4.0
135 65.0 43.0 9.0
136 74.0 40.0 6.0
137 66.0 44.0 0.0
138 72.0 42.0 2.0
139 69.0 50.0 2.0
140 71.0 50.0 4.0
141 74.0 51.0 8.0
142 77.0 39.0 1.0
143 70.0 42.0 0.0
144 83.0 39.0 0.0
145 76.0 47.0 3.0
146 61.0 42.0 0.0
147 71.0 51.0 1.0
148 59.0 48.0 1.0
149 84.0 49.0 1.0
150 68.0 46.0 1.0
151 74.0 42.0 1.0
152 68.0 39.0 1.0
153 71.0 45.0 1.0
154 73.0 46.0 0.0
155 75.0 46.0 0.0
156 81.0 45.0 0.0
157 86.0 56.0 1.0
158 69.0 45.0 2.0
159 77.0 41.0 4.0
160 77.0 55.0 2.0
161 79.0 46.0 3.0
162 79.0 46.0 1.0
163 81.0 57.0 3.0
164 84.0 52.0 1.0
165 87.0 56.0 1.0
166 86.0 54.0 0.0
167 84.0 62.0 3.0
168 79.0 56.0 2.0
169 86.0 52.0 3.0
170 84.0 65.0 2.0
171 95.0 59.0 2.0
172 91.0 67.0 1.0
173 90.0 63.0 1.0
174 89.0 62.0 1.0
175 87.0 65.0 1.0
176 84.0 60.0 3.0
177 89.0 66.0 3.0
178 83.0 58.0 0.0
179 92.0 67.0 0.0
180 93.0 57.0 0.0
181 96.0 63.0 0.0
182 102.0 101.0 0.0
183 93.0 63.0 5.0
184 91.0 62.0 4.0
185 88.0 64.0 3.0
186 90.0 64.0 2.0
187 93.0 66.0 1.0
188 87.0 63.0 10.0
189 88.0 68.0 2.0
190 88.0 62.0 10.0
191 87.0 66.0 9.0
192 97.0 63.0 4.0
193 87.0 67.0 4.0
194 93.0 65.0 8.0
195 90.0 60.0 5.0
196 90.0 69.0 11.0
197 92.0 64.0 1.0
198 93.0 67.0 0.0
199 93.0 66.0 4.0
200 89.0 66.0 0.0
201 94.0 65.0 7.0
202 95.0 64.0 6.0
203 90.0 64.0 4.0
204 93.0 60.0 1.0
205 88.0 68.0 5.0
206 86.0 64.0 1.0
207 94.0 64.0 4.0
208 95.0 63.0 6.0
209 97.0 64.0 1.0
210 92.0 62.0 6.0
211 88.0 65.0 6.0
212 92.0 58.0 1.0
213 92.0 64.0 2.0
214 90.0 61.0 0.0
215 88.0 64.0 3.0
216 99.0 65.0 4.0
217 92.0 63.0 4.0
218 91.0 64.0 8.0
219 84.0 61.0 6.0
220 83.0 60.0 0.0
221 84.0 62.0 2.0
222 94.0 62.0 2.0
223 80.0 61.0 0.0
224 85.0 61.0 0.0
225 94.0 58.0 2.0
226 91.0 63.0 5.0
227 92.0 65.0 5.0
228 91.0 66.0 2.0
229 88.0 66.0 0.0
230 98.0 67.0 4.0
231 92.0 65.0 2.0
232 91.0 60.0 3.0
233 84.0 62.0 1.0
234 88.0 63.0 1.0
235 93.0 56.0 0.0
236 94.0 64.0 1.0
237 87.0 63.0 3.0
238 95.0 59.0 1.0
239 85.0 62.0 0.0
240 95.0 63.0 0.0
241 88.0 58.0 1.0
242 86.0 58.0 2.0
243 88.0 59.0 0.0
244 87.0 55.0 0.0
245 90.0 54.0 0.0
246 92.0 59.0 0.0
247 95.0 55.0 0.0
248 89.0 60.0 0.0
249 90.0 52.0 0.0
250 94.0 56.0 0.0
251 91.0 63.0 0.0
252 91.0 53.0 0.0
253 97.0 59.0 1.0
254 98.0 59.0 0.0
255 97.0 56.0 1.0
256 89.0 61.0 0.0
257 84.0 50.0 0.0
258 81.0 53.0 0.0
259 94.0 56.0 2.0
260 94.0 58.0 1.0
261 77.0 49.0 1.0
262 89.0 51.0 2.0
263 83.0 53.0 1.0
264 84.0 49.0 1.0
265 90.0 52.0 3.0
266 81.0 53.0 3.0
267 80.0 49.0 4.0
268 88.0 47.0 1.0
269 87.0 48.0 3.0
270 86.0 52.0 2.0
271 78.0 40.0 2.0
272 87.0 47.0 2.0
273 76.0 51.0 4.0
274 88.0 53.0 1.0
275 82.0 58.0 1.0
276 81.0 52.0 4.0
277 77.0 47.0 1.0
278 83.0 44.0 2.0
279 82.0 48.0 0.0
280 71.0 47.0 1.0
281 68.0 47.0 1.0
282 71.0 46.0 0.0
283 63.0 42.0 1.0
284 73.0 41.0 1.0
285 69.0 44.0 0.0
286 80.0 40.0 2.0
287 62.0 39.0 0.0
288 76.0 42.0 0.0
289 63.0 38.0 0.0
290 73.0 35.0 1.0
291 80.0 43.0 0.0
292 79.0 42.0 4.0
293 72.0 28.0 0.0
294 62.0 37.0 1.0
295 68.0 38.0 0.0
296 73.0 39.0 0.0
297 74.0 36.0 0.0
298 71.0 39.0 1.0
299 66.0 37.0 0.0
300 62.0 34.0 0.0
301 73.0 30.0 0.0
302 72.0 30.0 0.0
303 63.0 32.0 0.0
304 70.0 28.0 0.0
305 65.0 36.0 0.0
306 57.0 32.0 0.0
307 62.0 35.0 0.0
308 58.0 25.0 1.0
309 66.0 28.0 1.0
310 55.0 33.0 1.0
311 72.0 31.0 1.0
312 57.0 37.0 0.0
313 67.0 26.0 1.0
314 54.0 30.0 0.0
315 52.0 39.0 1.0
316 32.0 29.0 0.0
317 47.0 30.0 1.0
318 57.0 28.0 0.0
319 47.0 33.0 2.0
320 43.0 34.0 0.0
321 47.0 21.0 0.0
322 45.0 32.0 0.0
323 42.0 15.0 0.0
324 53.0 27.0 1.0
325 45.0 19.0 0.0
326 53.0 23.0 1.0
327 52.0 19.0 0.0
328 33.0 22.0 0.0
329 42.0 23.0 0.0
330 51.0 17.0 0.0
331 36.0 19.0 0.0
332 41.0 17.0 0.0
333 40.0 14.0 0.0
334 34.0 16.0 0.0
335 47.0 15.0 0.0
336 39.0 14.0 0.0
337 43.0 15.0 0.0
338 39.0 17.0 0.0
339 41.0 13.0 0.0
340 31.0 12.0 0.0
341 53.0 14.0 0.0
342 51.0 19.0 0.0
343 48.0 15.0 0.0
344 51.0 14.0 0.0
345 41.0 14.0 0.0
346 50.0 16.0 0.0
347 50.0 18.0 0.0
348 47.0 17.0 1.0
349 48.0 22.0 1.0
350 50.0 20.0 0.0
351 42.0 17.0 1.0
352 46.0 16.0 1.0
353 56.0 17.0 2.0
354 35.0 16.0 1.0
355 28.0 12.0 0.0
356 33.0 3.0 0.0
357 33.0 2.0 1.0
358 33.0 32.0 1.0
359 34.0 33.0 0.0
360 3.0 16.0 1.0
361 43.0 -0.0 0.0
362 28.0 27.0 2.0
363 33.0 16.0 1.0
364 21.0 20.0 1.0
365 32.0 31.0 1.0
