001 5.7 -10.7 0.0
002 16.29147715036795 -9.440556010219927 0.13904797134279911
003 22.292219909266855 -3.1451071914972966 0.22248735379355894
004 30.333477652890632 3.011892307329617 -0.009232110414602313
005 22.54561734403103 -3.178306428933589 0.12025893354643694
006 8.299871435731045 -0.2437542124130484 0.09909757135983013
007 22.520086834956178 -4.302852241153401 -0.07462002786782869
008 31.238255675315674 -10.531809239943248 -0.172424680483158
009 28.29385667383807 -7.405559581814849 0.06474506984384207
010 24.74938837831885 12.72175620965469 0.3586885590062429
011 28.619336712060857 10.76355108927459 0.16976302144521055
012 47.76666894525857 -3.761265966333853 0.3167324874492585
013 50.29923988661862 1.4228036356319969 0.2724670751513316
014 46.972827946496 15.711632236471793 0.24019885476709557
015 35.290628873305366 11.99703637249053 0.38864821656292403
016 41.92555564193127 1.22504190583183 0.7002150862546155
017 29.269551515905867 28.3 0.16453381543497464
018 48.96825565201742 20.005742981813565 0.27785352580276235
019 22.949544357775977 21.9 0.03698849669338883
020 45.73279980643209 17.083285087654254 -0.0522905621648416
021 43.909407599469475 -1.188274668138373 0.5984337650754366
022 44.52341752922496 14.184654497844942 0.1794528638946682
023 46.91032569303658 1.2876249542632205 -0.06311114584744076
024 36.6953528283306 13.302106247632894 -0.012548275102342604
025 43.320709355961824 14.614037048785006 0.10729045228589655
026 37.95088178142244 22.128275237708856 0.6318839540266995
027 39.95180741919222 16.74893581520342 0.38688910040269603
028 40.24059792191596 20.86402296992536 0.07845395310060532
029 39.032124837272825 15.622161012881826 0.252243242244911
030 44.65922113064332 12.924100461062913 0.0009190230586117731
031 52.793144574021575 22.92658915983231 0.18242356552580877
032 40.23930193526645 17.99671499356995 -0.049969056020220504
033 38.00164835337695 37.0 -0.09038761765657283
034 42.09759396790325 0.87086020128862 0.06382649035992494
035 53.749711311692664 17.028972821765056 -0.04044850698730282
036 50.039650204193194 13.560654683688746 0.16529896420496265
037 44.70983912115695 14.959976889201682 0.21321118731021743
038 41.45214986776355 13.816087165180438 0.1422435073650714
039 39.032413360174466 14.65231622720162 0.03531163147374121
040 43.910922889949596 10.358566558025199 0.16658978247840117
041 42.9125884648685 17.093286841914942 -0.0140941887921371
042 45.53314590025817 18.028925507226493 0.22623086700995382
043 42.00903252279519 11.274441871883463 -0.01584329939690146
044 45.979987068643624 18.140217545042862 0.03326627697662568
045 54.55155567613982 16.811570367625237 0.0396753879709017
046 51.826955006810465 19.08229468920266 0.0
047 45.561443651949396 26.074063291702718 0.0
048 57.63455200752021 15.781525637599566 0.0
049 44.5280851347226 23.673745655572258 0.0
050 47.347237195937794 10.991162286934811 0.0
051 50.657879069763624 16.19123793144469 0.0
052 55.72646497500345 19.669543733874576 0.0
053 53.91998644628944 11.415778539381453 0.0
054 33.05764535788005 17.564651112916653 0.0
055 33.63129962369672 11.260280863003644 0.0
056 49.63690763675748 15.459917623182932 0.0
057 37.54797949901702 16.04174695282308 0.0
058 35.036157462725754 13.187006415838756 0.0
059 39.23285125836795 15.073341539952867 0.0
060 37.0785041752616 13.549176073137131 0.0
061 43.59135535535215 17.609939421838362 0.0
062 32.21089663576767 20.76538710230095 0.0
063 52.62650106241694 18.38817252445474 0.0
064 41.60360533906136 16.430645560717206 0.0
065 22.743988676349247 21.7 0.0
066 22.345587766535207 21.3 0.09870808582482367
067 39.50170882028205 15.6000085039819 -0.46899962152628955
068 54.74424189563044 14.629400003162637 0.4202464606860799
069 40.49477459112495 16.02257435410348 0.7866899061180982
070 37.40459553862728 15.554266336432967 0.24001462409000246
071 58.11039823413317 26.232139479490556 -0.07545088164946143
072 39.339683101892746 10.011287477823897 0.07595717927782367
073 49.94632785707016 18.943464683648934 0.49495637843363494
074 43.82636464931909 17.112031262727353 -0.008351132069470468
075 41.64971529774888 28.558242111343947 -0.2450213872758321
076 45.38920413640052 21.839991179382004 -0.10819347004080052
077 39.57278591596771 11.668031509070497 0.3397597924324327
078 55.66658232237691 19.418400488285613 -0.14941815760737123
079 61.494993625225554 19.05011762821005 0.11393903260360551
080 55.43146128052534 15.80987007553788 0.40389220259569353
081 53.90328090323871 23.768398322754507 0.10177637941346615
082 46.473665333088704 14.670889429591153 -0.0013250448371645573
083 53.25798467429972 27.213558408164626 0.10627845813658957
084 51.729809649065736 27.919086415772107 0.5982731170652721
085 52.359108263526075 18.01006523478788 0.9134554218112516
086 48.08541725089018 24.401045683806522 -0.08496326145610508
087 59.149315868380505 24.80224258161678 0.44009249375096304
088 56.605969705759 15.962070125857391 -0.15255656938425396
089 53.78602558893156 25.90543128962443 -0.22504787408590812
090 58.064270398453424 29.59536110840662 0.1823565432647566
091 63.156667438143764 30.2314292557709 0.15431297209659908
092 54.6847605297078 33.51491197116293 0.3656344461697478
093 56.10076298819828 29.720944304265927 -0.07941355407484471
094 60.290783349681334 33.1622933917098 0.2129531613445728
095 58.10902623837443 25.506305303961696 0.05118693236902645
096 66.0743217777527 23.336032102880917 0.2393923670628248
097 54.495919120945246 28.016724421205513 0.22103195678189186
098 55.96991499573869 22.49044246152102 0.3608853991007329
099 51.61052202241393 28.40183790930919 -0.029272580132276044
100 55.38669783883518 30.06946171782414 -0.019949267561565058
101 56.72563602080149 29.296883735155227 -0.055861139932501615
102 58.0405078882929 23.909921903322207 0.045475602253772486
103 47.592271837617005 25.700007244593152 0.08014448255447597
104 59.53127307953424 29.88081635378305 0.0508736218592976
105 56.067906277982296 26.205180229195886 0.0011392404861629256
106 58.31845508455342 36.57406193364585 0.00306543655447334
107 62.41450687302529 25.998749793290727 0.023805110952566003
108 68.51493435749177 32.077634092126075 0.08794759127448776
109 59.70781424256628 28.749295781502667 -2.0693339874006123e-06
110 67.67535472715839 26.940563065036127 0.0
111 57.056353922744016 29.710623060462282 0.0
112 56.76261679240846 39.83709678473431 0.0
113 58.054402284604855 35.88330403342032 0.34228353200513517
114 73.55369578110151 30.579854485295016 1.1326479386321808
115 53.70584820665465 35.276800403747856 -0.3545161654747072
116 74.94779328154614 32.86176782289433 0.3703318697151153
117 61.64134952473639 30.98735469923619 -0.3923158650990154
118 73.54713176360829 34.610107360442505 -0.6225262035030195
119 58.677180651254766 31.66399811593716 -0.2450922070206243
120 72.17171993090054 35.66923903692798 1.1732109647835558
121 61.39211359845302 36.100015792048275 1.4102113203937618
122 67.7578311711475 35.72011038141866 8.69359398392735
123 55.57173697755656 40.14259315799 2.4081365454352976
124 56.187827688212046 39.031079295051114 6.050536048936562
125 61.06782884485926 34.46808677543376 2.9468538611267237
126 78.25974049870698 38.615834255456875 1.600149833641023
127 63.3119818202598 35.65652714720406 15.287913754889255
128 56.08486394089895 46.135937025380926 6.241325980840605
129 65.17680483466768 42.0659745717975 3.2107917077287738
130 71.44180184525742 41.56971590013997 8.076850655876457
131 58.7284314735339 41.95744193082981 11.733537576839506
132 73.83197212780838 44.264285637974275 -7.895684996860547
133 66.51578475427318 41.58905620290838 0.9949287652901058
134 58.776170721373525 36.2970502768696 8.827372828386736
135 76.74944585935692 39.713616259161995 6.978771521277081
136 72.10060860613868 44.34010903497238 3.9387456482721745
137 74.84750107735512 40.45693084843467 -0.8951760516715508
138 72.40753732732296 46.6171012138761 16.23345281378547
139 74.44275035405077 44.851098326041786 4.536727898125057
140 69.93535892406054 47.00171501824377 -3.0853837931371255
141 72.0727847033314 47.727767284569005 1.005536157522502
142 76.22512546116636 41.85682964540848 0.9574573625312438
143 75.8321713082573 45.69736526268286 -0.5582368255440029
144 82.4731600360464 43.87076385842512 1.3940023580854204
145 74.51059966867003 39.51053398081474 2.1479740184233607
146 73.77603178163069 46.89543978460521 0.9681497096562509
147 75.48309576200961 47.591140707015526 0.8560437737221785
148 76.82573180779647 49.08178336654272 -0.03548932843143371
149 89.00665010712324 49.879187275321684 1.5767833423211894
150 70.62416873675811 44.24816959579007 1.2635022612585525
151 76.66341363420399 48.73016600709837 1.0995683166656773
152 74.722351605574 50.49592490582322 0.6676398329077156
153 75.89972869010512 42.364769945685886 -0.8728139591386401
154 78.40866997478389 46.785475652343145 0.9476354862806702
155 69.15836269514521 44.99054683614635 3.1715978707867087
156 71.46412791476331 41.26959071326597 0.9416999101870678
157 66.78587235902798 46.16927348175625 -0.474790976180153
158 61.71797017029084 40.610094277456724 0.9323758765259658
159 74.5148883153191 48.35844269637515 1.3762153323241135
160 68.53209945042018 50.47034187219848 4.774317040935969
161 81.39292945657411 45.926959076210316 -1.6059260139259315
162 76.8685482853703 48.226978193463864 1.516763633763204
163 75.37229843007842 51.493527193435014 -0.37512833405525225
164 84.96973151748297 56.00478372775136 0.7009703585637603
165 81.05982091776964 50.23520488070801 1.6594254523082892
166 78.8880754287664 56.08869040907535 1.9517349040843441
167 90.56884719148515 59.78591245710695 -0.8185111880160011
168 79.63269506342405 51.198705742583364 -0.47424876553916284
169 75.70429639595373 60.891105600070354 1.9037771176627833
170 82.27917435130651 68.5919445994705 0.677280219121391
171 88.9721524561995 65.21648146079481 0.16061863815294353
172 88.9503127283001 54.870941336182085 -1.1140186273909043
173 88.05883880663305 54.62148545879932 1.332549601233377
174 89.06907543494123 59.69844044702927 1.9870011342094143
175 89.75639373761258 61.60156406690592 1.5037855249428138
176 88.36405854859181 59.88374686425942 2.335200023724538
177 88.81720564801655 61.68977300405666 1.305400846707594
178 96.39065073280874 55.83805998941961 0.031182928352829858
179 88.25183891985797 60.49963302982836 0.06574986347592207
180 85.07822028057693 54.42323735738781 -0.04650328878948109
181 86.66596574849484 63.43602478921777 0.01896697145234099
182 95.23230234274473 64.80175186057139 0.018019449248142624
183 90.01885357978969 63.774392571119655 -4.090340406131157
184 95.33584300072152 61.992118019512205 4.910488302706792
185 90.48604534450293 60.53820138657078 3.6427952212160166
186 86.04681543285315 63.03771742190097 2.110148163385688
187 94.61840566841066 60.85053519853854 -0.9152945792283673
188 89.2027528111062 63.73622538913779 1.1893253650935929
189 86.79381948891313 67.64608938607927 3.3463529416188873
190 91.67252741151889 54.209181485049996 8.3226120379538
191 86.44973195051446 57.79313455348217 -4.543365391882006
192 90.32595468919183 62.26105247033324 5.878761715732251
193 85.27937170758656 66.4948892526478 1.393207076469447
194 90.59016039876097 65.45098744098483 -2.2216542474191177
195 85.44651250973969 64.69902532345124 3.8976408340916793
196 95.50261128067277 68.78579618085865 -6.8402253469851315
197 96.69655483186132 63.55207085537311 11.650237219905883
198 94.7370920550136 63.062028690462235 4.136701809920579
199 93.10086201123993 64.34853887613284 4.038209875620379
200 96.47081974259234 63.75726237131161 7.349920583091549
201 90.59555996128276 64.66455658863612 1.5178848390104052
202 86.29232598966253 62.33729605226917 3.783856098642845
203 92.98823055406913 64.18853762859345 8.671833405462932
204 92.70287750686975 67.91587048985946 1.4882756783863484
205 95.17093870944575 66.44775823234562 4.6077981976614
206 94.5985731752384 62.642821278345096 -0.4606695068991191
207 94.09536961146725 73.1848726242417 1.8024484007573207
208 92.98088843542178 59.35513079964064 -1.414692400708196
209 85.4767835897971 62.9417036710782 3.4554510707142754
210 79.32626393010979 63.751101752460876 3.8960016122566037
211 94.70916880370349 62.44506245686903 5.119985836775582
212 87.44247199467641 64.32608061449253 2.2658602862315824
213 95.95270292711058 63.71514053797471 0.6951504058676741
214 89.11842413931873 63.016830773413076 -2.17707926348483
215 92.55348192452375 63.56330216734297 3.891156834940587
216 89.10528162407451 64.0246462994579 1.7426412050448916
217 81.31555407716205 66.76762724745882 1.7630176194694076
218 95.939969495855 63.81430240532006 3.228597129064056
219 89.34884986581926 69.0853895744176 4.535533958830465
220 93.78602585759815 63.61220474869339 4.914419783226586
221 94.34625550708465 63.12827823520825 2.257767922014674
222 84.1111002693166 58.84623034850344 3.5612388102322576
223 97.25780300869192 56.29316669747177 3.709100543831577
224 85.36796385996323 63.62951712924612 2.8625651723134924
225 91.39299394299441 62.73748038661155 8.13674105305377
226 92.78425394631314 63.9226090091302 1.3661025661884123
227 88.2113522455892 60.518678200334286 -2.15352614423792
228 90.62466787065085 58.869295333171486 1.3099947452223935
229 87.84697577055248 61.67994090281365 -0.08840943047695649
230 88.73787582696568 60.51220082824818 0.5782668695696336
231 86.9386847488686 60.07207272570892 0.3692881048678384
232 90.85959328139342 64.68402151687835 0.808429133047853
233 89.0527245866616 62.67196667530702 3.186688460977672
234 90.41524292442989 56.37774077030414 0.3071177907647772
235 93.77642080375955 61.584492845408896 1.9722869824659455
236 85.25317070086122 59.4525730579734 0.4678803503863379
237 79.94560924211058 64.04573518825556 0.43651702450141017
238 88.43403623078085 54.634359455499386 0.6112884946265682
239 96.00226444068512 62.290792546051314 -0.6116480406894528
240 88.49654126895754 59.39538860578949 -0.7780636320754347
241 85.93828059383655 55.57060014135753 -0.12116152849762807
242 90.95422319813433 59.00026460105652 -1.2277171493619923
243 88.95826848182371 64.55427859635469 0.7932034095233131
244 93.16523984313903 61.2480953475066 -0.6884331096608571
245 88.86095757945279 58.97354328117465 -0.24556676959475054
246 88.19419108205412 57.72916764848537 0.9483566034349842
247 91.75326569716547 54.258386272726234 0.12903180673565978
248 91.15611414051662 54.4585297422849 0.024838294008750948
249 91.60676588595491 58.13836191582831 0.24971412211051025
250 90.77830677852047 51.0788666264059 0.18661489007861776
251 88.25041574601634 52.34610717436814 0.2175994541578325
252 92.07828520562921 55.115832177139744 0.11207912155169833
253 88.24521839479596 54.672661692867855 0.38343603497042333
254 98.40117504303979 57.75683442129542 0.7729181540911227
255 85.21640890350167 56.25148888769368 0.1528580515468594
256 82.01181211087076 49.799972588538644 1.2451246254595896
257 85.40973986086135 49.62797368515356 0.424412918134239
258 89.61049082921492 48.208734059045916 0.4207651569341235
259 91.40802626289317 51.29093667423723 0.4053093410917509
260 91.66512239765642 53.09311532765123 3.25480652199095
261 79.28581907904294 45.83616006614891 1.4051333928995298
262 84.66577761023488 45.87733862264963 3.732126356654025
263 82.16822991218567 47.18749352480603 0.67924542619839
264 83.2228360773436 61.953816259904016 -2.113950771579251
265 87.51002078853479 56.02591487787787 3.627675107245259
266 81.04662475535908 55.09949137534593 -0.7229378799654438
267 68.8404406971696 52.356881816291214 -1.8783737869253638
268 81.45538372294914 50.15689057255851 3.27249005215205
269 81.85963178454631 61.576007263165856 1.9097426407237998
270 82.4866566059886 54.73322122075801 0.8896029309729383
271 81.63661609634488 43.84513626050783 0.36676769549697075
272 78.84888796428632 52.84080057808896 3.6452476497478363
273 76.64780889365308 57.07956043648529 1.7960072260538578
274 81.29002766241355 50.81371556107227 0.561380651842696
275 75.94826720444586 49.49367386249555 1.832681373851095
276 76.46842665609034 47.18494933024924 1.9383575405234612
277 76.37518380853876 55.63644785831959 0.50818035448263
278 69.48812186857917 47.549803050716505 0.4201406385087493
279 82.69999713804793 51.040604621505224 -1.1855968149693545
280 80.31503095140489 48.596325590509174 -0.23232977309682268
281 80.51062515018708 47.52440433754713 -0.6997755705824255
282 63.27542491015481 46.51072909368157 1.1165369064322352
283 69.40849519991723 36.100512661821995 1.0058998885078494
284 78.50040147780763 42.24028052077895 0.40950734440154896
285 78.82832933699974 44.42320401185597 0.6622255812215054
286 69.65103030891436 40.94047336070606 1.4818784047175928
287 68.52921768068909 41.490938773033285 1.936755549646914
288 66.76481099345276 44.73964435382215 -0.5605743177941238
289 76.8432269395375 40.57134041209276 0.8743595795007513
290 71.74679728047492 46.31886799889988 2.465840842670211
291 72.50130090357378 37.74015621282068 -0.848931507924676
292 64.54650887556521 36.97308364901951 3.249336993770971
293 66.69797936538947 35.18896502917843 1.6576269291619303
294 63.553992112595175 35.954514265735185 2.0908758428148766
295 60.68567230301524 45.41078385086267 1.2487354746589856
296 70.39183413531217 32.578558360985674 -0.6430052210800064
297 74.82349650588208 30.38877694838477 0.03801128368180867
298 77.98823447774105 26.278220693872676 0.021742701856335755
299 71.08456271793337 32.42437379878532 1.0901170895790466
300 73.5459834872266 29.142791279143598 -0.0022984991212231277
301 70.72688502545078 36.51103492147838 0.014363284247813258
302 70.51559182844447 32.06852430847101 -0.002067696792803258
303 52.5451019184735 31.87388969926856 0.050289955080840075
304 65.61919105976163 32.63970401047346 -0.02086947038101067
305 67.54138454911393 39.51970609126812 0.0515011065316321
306 61.592264376355224 37.36194245461228 0.01757194877938356
307 64.85108870905084 34.91881715397372 0.06520995683091164
308 73.19249050563852 34.374105641275655 -0.5327373785085563
309 59.4043682159252 33.48360549683629 -0.47986801650496924
310 57.26121823181934 31.01257455173949 -0.5976520710140696
311 59.027178970359515 44.90775662231057 -0.18755958482105006
312 50.7686228032695 33.314272046776615 0.6473191776184032
313 63.550245044652925 28.266052288900028 0.30553054866372836
314 59.409985809558535 32.22679393208556 0.12352528809041058
315 53.24556092225474 25.979631123389442 0.10799301829768645
316 45.52280381155428 26.438172397470336 0.24326582182186787
317 60.24388072347633 27.624295006761322 0.15660618960534653
318 47.09169291646866 3.4370169262427552 -0.3983152874883649
319 53.71365794394784 31.70667534370649 -0.023480718103385922
320 51.18751252873387 28.3481682581027 0.12499075282287644
321 52.812023314142685 23.142669403257642 0.3615143514562534
322 50.87760943946787 28.668798369802328 -0.24314489490189412
323 49.47485537573506 16.881055199494917 -0.5925867941231506
324 53.22962644052281 17.393106106775374 -0.4268571305658427
325 42.871664391855724 25.792488775668243 1.0846414958232409
326 50.668196280580936 22.36607852444063 0.7143117911830472
327 62.26450140777165 15.296634470455988 -0.19976622081862994
328 40.86538185327895 11.894331792321845 0.0
329 41.79558764250806 12.790558272643153 0.0
330 53.046287846727935 19.7375241277411 0.0
331 44.74079083506813 16.791595672509406 0.0
332 46.03791754497717 14.982092818334134 0.0
333 44.88294672133606 12.727271564785031 0.0
334 49.019597009554225 16.504698336944994 -0.07370553104221625
335 46.696136141014506 13.335595667777792 0.15163332938276458
336 39.27708500450547 16.10543916425735 -0.11430846064486622
337 45.678321031277044 13.866772502210782 0.025213395214400816
338 45.71206255749552 10.484842977262366 0.05547551671593441
339 47.4649507743866 14.859773165892786 -0.05618929253364178
340 38.621443685237324 14.574292974127815 -0.028275292785963448
341 58.567964910876036 14.999772139584572 -0.08205645037113418
342 49.90653655442997 17.967668153170038 -0.08894059286905895
343 51.49410213970106 18.799653297382388 0.196707809942092
344 40.23162826055548 18.36738390417835 0.1742301160860118
345 51.51950564704937 15.58303292344836 0.24605356819870366
346 42.56393261547308 19.09578544722514 0.0076767315166856726
347 52.41858441692898 10.841200265964499 1.1190521533197164
348 44.65647186084623 17.35581387054236 1.6491861598918693
349 47.31997287741429 16.251988398684126 0.6965678289625137
350 44.55224122085847 11.641586567826995 1.8274273052267218
351 49.73409659197379 16.94506817902385 -0.2618302429121745
352 41.66081711435025 11.916950714826452 -0.2495933960472836
353 38.81767249702638 13.036166541551369 0.7051585156056447
354 29.848061751480376 15.855606810752933 -0.09455374735085559
355 39.59435136095224 38.6 -0.6061064147066835
356 32.43942412603008 3.976076377972503 -0.6746000429393413
357 32.25454280507089 20.993208471380207 -0.26884952541580825
358 48.53461252281068 3.131346510530575 -0.3861948802326844
359 26.87202238084112 25.9 -1.6136218220238046
360 34.32639934426744 3.918045717534538 0.3499425035380831
361 49.89179350712007 48.9 1.0082016139712595
362 38.59742653775547 17.626259345975186 0.16880209717439848
363 43.5297680324819 42.5 0.913748969396202
364 46.07510296969855 4.90746525217698 -1.0758693952525433
365 31.83940089945265 -5.8804002554767365 0.37552398691018296
