001 5.7 -10.7 0.0
002 18.9 -9.3 0.19
003 22.6 -3.3 0.04
004 27.7 -3.9 0.16
005 32.0 -7.4 0.07
006 29.1 0.9 0.02
007 16.4 -6.0 0.03
008 29.9 -9.2 0.27
009 25.4 -2.3 0.54
010 33.6 -1.8 0.17
011 22.7 21.7 0.06
012 33.3 32.3 0.19
013 31.4 30.4 0.13
014 49.5 2.7 0.07
015 47.2 16.9 0.23
016 36.8 13.4 0.16
017 35.9 15.5 0.1
018 33.8 32.8 0.52
019 35.2 1.6 0.18
020 38.1 37.1 0.36
021 34.9 1.6 0.02
022 38.0 10.5 0.24
023 33.4 11.5 0.53
024 30.9 11.1 0.05
025 41.4 17.9 0.51
026 34.9 22.6 0.29
027 51.4 11.8 0.53
028 47.1 21.1 0.06
029 51.4 15.5 0.14
030 45.7 27.8 0.31
031 57.3 18.7 0.13
032 51.5 19.2 0.11
033 37.8 23.4 0.1
034 31.8 11.8 0.28
035 34.4 16.3 0.05
036 50.3 12.5 0.06
037 41.6 17.7 0.15
038 41.9 18.8 0.2
039 48.1 47.1 0.25
040 51.5 14.4 0.3
041 53.1 16.7 0.12
042 47.1 13.6 0.11
043 41.3 17.4 0.0
044 44.2 23.5 0.15
045 45.0 16.0 0.01
046 49.2 24.8 0.0
047 44.5 13.1 0.0
048 38.9 19.6 0.0
049 43.4 20.3 0.0
050 48.5 13.7 0.0
051 42.9 18.5 0.0
052 44.3 17.4 0.0
053 66.1 65.1 0.0
054 42.6 15.0 0.0
055 45.6 20.4 0.0
056 50.5 49.5 0.0
057 52.3 17.9 0.0
058 38.5 14.5 0.0
059 31.7 15.3 0.0
060 42.9 13.4 0.0
061 38.3 17.0 0.0
062 45.7 14.9 0.0
063 47.8 10.1 0.0
064 49.7 3.4 0.0
065 33.8 23.1 0.0
066 38.4 37.4 0.36
067 41.6 16.6 0.4
068 39.6 21.6 0.04
069 47.1 12.7 0.21
070 31.5 11.8 0.52
071 27.8 10.7 0.53
072 46.0 45.0 0.1
073 41.0 14.2 1.06
074 30.9 23.0 0.31
075 47.6 16.5 0.04
076 56.9 12.4 0.18
077 34.7 21.7 0.49
078 54.4 17.8 0.13
079 35.8 23.8 0.35
080 41.0 40.0 0.41
081 40.6 15.6 0.26
082 65.6 18.3 0.46
083 54.7 24.7 0.05
084 56.1 21.4 0.8
085 65.6 20.3 0.83
086 41.8 13.0 0.18
087 57.5 20.6 0.06
088 57.9 21.8 0.16
089 47.5 20.1 0.13
090 61.3 27.0 0.49
091 60.5 27.9 0.15
092 60.1 32.8 0.19
093 66.3 23.6 0.21
094 55.0 28.8 0.09
095 57.4 30.6 0.13
096 60.2 31.3 0.22
097 54.7 28.9 0.33
098 55.4 27.5 0.06
099 53.8 34.9 0.13
100 58.5 26.4 0.11
101 57.8 25.8 0.04
102 61.4 28.3 0.01
103 50.0 30.0 0.06
104 61.8 29.6 0.07
105 51.6 38.4 0.13
106 57.6 29.1 0.08
107 59.0 24.7 0.07
108 52.6 19.2 0.01
109 54.6 27.3 0.18
110 50.7 32.6 0.0
111 60.2 33.1 0.0
112 60.1 31.4 0.0
113 68.7 33.0 0.78
114 73.3 26.9 0.04
115 58.1 34.0 0.72
116 55.6 37.8 1.76
117 52.4 27.8 0.2
118 65.0 27.3 1.33
119 64.0 37.4 4.63
120 61.8 32.9 5.22
121 63.5 34.5 5.45
122 59.5 33.6 5.49
123 59.3 32.1 9.86
124 65.2 33.5 3.73
125 66.0 38.4 14.36
126 64.6 29.8 11.7
127 72.3 33.6 7.82
128 66.4 35.2 0.18
129 76.8 49.4 1.1
130 70.1 37.7 3.91
131 77.0 41.1 2.37
132 74.3 48.3 1.07
133 77.6 38.5 2.98
134 67.2 39.7 5.86
135 69.2 42.1 4.18
136 66.4 41.9 4.3
137 73.5 43.6 3.43
138 75.4 44.2 2.54
139 66.3 41.5 3.33
140 80.5 47.3 5.26
141 68.7 46.2 4.7
142 73.9 47.2 2.24
143 70.5 48.1 3.41
144 65.0 44.5 2.89
145 76.1 44.1 0.0
146 66.5 43.7 3.9
147 67.5 47.9 1.06
148 65.6 43.1 2.36
149 81.4 40.4 0.41
150 77.2 43.2 0.16
151 70.8 51.5 0.91
152 74.9 40.1 1.47
153 76.5 49.1 2.61
154 83.2 51.2 1.58
155 65.9 48.6 3.41
156 73.1 43.7 2.25
157 68.5 51.2 0.93
158 79.9 48.9 2.14
159 73.7 42.9 1.19
160 73.8 45.4 0.45
161 78.8 45.5 4.62
162 86.7 48.4 2.49
163 86.4 46.8 1.75
164 80.1 49.6 0.85
165 84.1 55.4 1.63
166 71.4 58.7 1.46
167 83.5 57.7 0.77
168 85.6 47.6 0.95
169 93.0 45.6 1.9
170 80.9 55.2 2.64
171 89.1 58.3 0.55
172 93.0 56.0 0.42
173 89.5 57.2 0.15
174 85.4 65.8 1.59
175 82.8 64.7 1.1
176 89.6 67.4 0.2
177 99.9 63.8 0.07
178 86.4 64.3 0.0
179 90.9 55.8 0.07
180 84.5 62.6 0.05
181 97.6 63.5 0.03
182 94.3 59.0 0.04
183 88.5 61.3 1.24
184 93.3 68.7 3.85
185 94.8 62.3 0.08
186 99.0 62.3 9.57
187 93.8 60.5 1.42
188 95.6 61.8 7.5
189 89.7 60.3 0.8
190 82.1 62.0 2.38
191 87.7 64.3 9.13
192 91.3 69.3 3.36
193 90.2 63.7 1.76
194 96.9 62.5 0.91
195 89.2 67.9 0.77
196 91.5 67.3 3.84
197 90.0 61.8 4.57
198 92.2 61.1 9.82
199 88.8 67.3 1.75
200 86.9 66.8 4.09
201 98.2 59.0 4.68
202 99.1 63.2 9.31
203 92.6 64.8 5.08
204 95.9 66.1 11.29
205 97.1 64.9 3.39
206 93.2 62.9 1.98
207 94.5 65.5 5.34
208 92.7 63.0 1.0
209 94.9 64.2 3.56
210 87.9 62.5 0.23
211 91.3 68.6 0.19
212 84.8 59.9 0.57
213 92.8 62.4 0.67
214 98.1 61.6 5.17
215 90.8 59.8 1.25
216 87.0 58.2 4.47
217 95.1 62.0 3.96
218 89.5 63.6 3.62
219 81.7 64.7 4.44
220 87.6 65.4 1.26
221 88.4 60.1 4.93
222 92.4 61.1 0.71
223 82.3 59.6 2.38
224 89.1 66.4 6.24
225 89.5 62.9 0.65
226 88.6 66.4 0.83
227 89.5 60.0 2.24
228 86.2 62.7 0.08
229 85.7 62.0 1.91
230 91.0 60.2 1.79
231 83.9 59.3 1.64
232 86.5 60.4 1.21
233 89.4 60.3 1.71
234 88.3 62.7 1.93
235 87.0 57.6 0.07
236 83.7 60.8 0.4
237 88.3 61.3 0.59
238 86.1 55.7 1.18
239 92.1 63.7 0.54
240 91.8 57.1 1.36
241 96.8 60.0 1.19
242 92.0 61.9 0.39
243 91.2 58.6 1.67
244 89.6 61.6 1.03
245 93.7 61.4 0.85
246 85.6 60.2 1.21
247 82.8 56.4 0.14
248 91.3 57.5 0.02
249 91.8 54.3 0.03
250 93.6 54.8 0.05
251 90.0 57.7 0.22
252 92.7 53.1 0.11
253 87.0 59.0 0.06
254 89.8 56.4 0.74
255 87.1 48.0 0.81
256 84.7 56.2 0.61
257 91.2 52.5 0.42
258 83.6 54.0 1.13
259 88.7 51.0 5.42
260 86.4 47.8 0.1
261 86.0 51.0 0.26
262 85.2 56.4 1.28
263 86.6 53.2 1.01
264 103.3 102.3 2.54
265 79.6 47.6 0.16
266 89.6 57.6 1.28
267 85.5 61.0 1.41
268 90.6 56.9 1.62
269 85.2 44.8 1.17
270 83.4 55.7 1.57
271 77.1 46.0 1.42
272 87.4 46.2 2.41
273 73.3 45.7 1.77
274 86.0 47.4 1.08
275 82.4 50.7 1.8
276 81.5 42.8 3.01
277 75.5 49.4 2.22
278 73.5 51.5 0.1
279 82.8 47.8 0.2
280 63.4 50.5 0.43
281 85.5 49.1 0.47
282 73.7 46.4 1.99
283 67.3 44.2 1.01
284 69.1 46.3 0.19
285 69.0 39.8 1.98
286 74.4 38.8 1.59
287 71.4 49.0 0.6
288 64.6 39.2 0.31
289 77.7 43.3 0.11
290 71.7 40.0 0.55
291 73.9 41.6 0.65
292 64.0 43.7 0.93
293 70.4 41.8 0.03
294 67.3 36.1 2.18
295 60.5 34.3 0.36
296 60.7 40.7 0.42
297 67.4 33.3 0.16
298 74.5 33.2 0.58
299 78.5 38.0 0.65
300 62.9 33.2 0.01
301 58.0 28.9 0.04
302 68.5 34.2 0.02
303 52.7 29.7 0.03
304 72.3 37.9 0.05
305 75.7 33.4 0.03
306 63.0 41.4 0.0
307 62.7 31.2 0.13
308 60.0 31.2 0.18
309 60.7 33.1 0.72
310 72.7 42.1 0.37
311 59.7 30.5 1.03
312 64.9 28.0 0.43
313 59.9 30.7 0.91
314 64.8 30.6 0.19
315 61.8 41.2 0.38
316 65.1 37.3 0.21
317 42.1 35.4 1.01
318 57.3 37.3 0.66
319 62.2 22.3 0.21
320 48.7 11.6 0.35
321 51.6 26.7 0.55
322 50.2 18.4 0.09
323 45.4 24.7 0.27
324 48.5 26.7 0.14
325 42.6 18.3 0.38
326 40.1 14.7 0.52
327 48.7 21.5 0.21
328 43.3 19.1 0.0
329 40.5 21.3 0.0
330 49.8 16.2 0.0
331 42.1 13.3 0.0
332 40.0 13.3 0.0
333 38.5 17.4 0.0
334 40.7 39.7 0.05
335 46.8 19.0 0.15
336 50.3 14.1 0.04
337 43.3 10.9 0.16
338 47.0 14.0 0.06
339 45.6 18.2 0.05
340 51.8 18.3 0.1
341 55.3 20.7 0.01
342 44.3 16.9 0.01
343 47.3 19.4 0.26
344 39.5 17.5 0.2
345 46.2 45.2 0.22
346 49.3 10.8 0.08
347 42.1 17.7 1.09
348 42.1 20.9 0.28
349 39.4 14.6 0.43
350 44.8 24.3 0.36
351 41.3 19.0 0.23
352 36.6 14.3 0.09
353 34.7 13.9 0.26
354 39.4 10.4 0.45
355 40.9 15.4 1.32
356 30.6 12.8 1.14
357 33.8 32.8 0.42
358 23.4 16.7 1.15
359 37.9 10.9 1.03
360 19.6 18.6 0.09
361 44.5 11.2 0.02
362 17.9 16.9 0.15
363 24.6 23.6 0.48
364 41.0 27.0 0.58
365 37.0 36.0 0.69
