2010001   4.7 -14.6  -9.7   0.0   2.3 86.2
2010002   3.8 -12.4  -5.7   0.0   3.4 88.0
2010003   4.1 -10.9  -3.0   0.0   1.9 91.3
2010004   3.6  -8.6   1.1   0.0   1.8 92.8
2010005   2.8  -5.7  -2.4   0.0   2.8 98.0
2010006   4.4 -12.2   0.7   0.0   3.7 82.3
2010007   8.4 -18.4 -15.4   0.0   2.7 67.7
2010008   9.2 -20.9  -8.0   0.0   1.2 71.3
2010009   8.7 -19.8  -8.5   0.0   2.5 69.7
2010010   8.6 -14.1  11.2   0.0   1.1 67.3
2010011   8.8 -10.8   4.4   0.0   1.6 71.9
2010012   9.1   1.3  10.1   0.0   2.2 71.2
2010013   9.0  -8.8   9.7   0.0   1.1 64.5
2010014   7.7  -1.9   9.3   0.0   1.0 74.3
2010015   6.7  -6.7   9.2   0.0   1.2 76.0
2010016   9.5  -5.7  10.8   0.0   1.8 64.3
2010017   8.9  -4.5  11.9   0.0   1.3 64.7
2010018   8.8  -5.7  11.2   0.0   1.2 76.3
2010019   3.4  -5.7  -3.9   0.0   1.6 98.8
2010020   6.3  -5.8   1.9   0.0   1.1 77.6
2010021   4.1  -4.0   5.6   0.0   2.2 98.5
2010022   2.0   0.1   7.2   0.0   4.6 99.6
2010023   7.9  -4.6   7.6   0.0   1.7 81.2
2010024   6.8  -6.1   0.1   0.0   2.7 69.0
2010025   8.7  -9.1  -1.7   0.0   2.9 62.1
2010026   9.3 -15.7   7.9   0.0   1.8 62.9
2010027  10.3  -9.6   6.9   0.0   2.5 67.4
2010028   6.2  -9.6  -0.5   0.0   1.9 52.3
2010029   8.6  -9.3   3.4   0.0   3.0 51.3
2010030  11.0  -4.9   5.6   0.0   1.1 66.5
2006031   8.7  -2.7  21.8   0.0   1.8 57.1
2006032   8.1  -6.3  10.6   0.0   2.0 64.7
2006033  11.4  -0.2  14.9   0.0   1.7 51.4
2006034   9.9  -6.2  11.6   0.0   1.4 67.8
2006035  10.5 -15.0   5.9   0.0   2.1 73.1
2006036   5.7  -1.7   6.1   0.0   2.7 78.0
2006037   6.5  -4.2   7.5   0.0   1.7 79.2
2006038  11.5  -3.2  15.3   0.0   1.2 66.9
2006039  10.0  -0.5   3.8   0.0   2.5 72.5
2006040  10.2  -6.7   0.4   0.0   3.9 54.1
2006041   9.4  -6.7  -2.1   0.0   3.9 60.0
2006042  11.0  -7.2   4.2   0.0   3.8 51.8
2006043  14.0  -3.4   5.4   0.0   3.1 44.6
2006044  13.4  -0.4  21.6   0.0   1.7 41.5
2006045  13.8  -4.3  16.2   0.0   3.0 51.2
2006046   9.6  -4.0   1.7   0.0   4.1 68.7
2006047   9.6 -20.9  -1.9   0.0   4.0 78.4
2006048   8.3 -20.9 -15.8   0.0   4.0 73.4
2006049  14.1 -22.9 -15.5   0.0   1.6 67.1
2006050  14.1 -13.4  -2.8   0.0   2.1 67.3
2006051  16.0  -9.4   6.3   0.0   2.1 61.3
2006052  15.3 -14.8   7.2   0.0   1.8 62.3
2006053  16.0 -13.9  11.5   0.0   2.3 54.9
2006054  16.0  -7.3   8.4   0.0   1.8 49.3
2006055  16.2 -15.3  18.8   0.0   2.8 51.3
2006056  14.0  -6.5   2.8   0.0   3.1 55.5
2006057  16.2  -3.6  20.4   0.0   2.4 41.7
2006058  16.0  -0.2  22.5   0.0   1.6 37.5
2017059   6.4  -2.5   3.0   0.0   1.4 56.9
2017060  17.3  -8.7   4.0   0.0   1.9 48.8
2017061  17.2  -3.9   3.2   0.0   1.6 55.3
2017062  16.4  -8.5  20.3   0.0   2.4 45.5
2017063  17.2  -5.2  23.3   0.0   1.7 53.2
2017064  15.6   0.5  21.3   0.0   2.1 48.1
2017065  14.6   2.3  11.8   0.0   3.7 48.2
2017066  16.8   1.5  16.4   0.0   2.9 39.2
2017067  17.8 -10.8  20.5   0.0   1.7 50.2
2017068  15.3  -3.7  10.5   0.0   3.4 54.7
2017069  10.0  -8.0   4.7   0.0   4.4 67.2
2017070   9.2 -11.6   3.0   0.0   2.5 71.9
2017071  11.8  -8.4  12.9   0.0   4.5 69.1
2017072  15.8 -11.0  -2.6   0.0   2.7 61.4
2017073  13.2 -10.8   9.2   0.0   3.3 54.4
2017074  16.5  -3.5  16.2   0.0   3.5 56.4
2017075  18.2  -0.0  29.4   0.0   2.1 51.6
2017076  18.0   2.0  21.9   0.0   1.6 56.8
2017077  19.5  -1.1  22.3   0.0   3.9 53.4
2017078  18.5   6.6  29.2   0.0   2.2 51.8
2017079  18.5   6.2  19.1   0.0   3.0 54.5
2017080  18.8   8.6  10.2   0.0   4.2 57.6
2017081  10.4   1.2  14.8   0.0   4.8 64.5
2017082  10.0   8.9  20.7   0.0   4.4 68.6
2017083   2.0   4.2  10.8   0.0   5.4 82.6
2017084  21.9   0.4  19.1   0.0   1.3 58.6
2017085  11.0   8.2  11.6   0.0   1.7 75.3
2017086  20.1  -1.4  20.0   0.0   2.4 67.8
2017087   1.9  -1.4   7.1   0.0   3.1 90.6
2017088   3.4  -1.4   4.8   0.0   4.5 85.6
2017089  13.9   1.2  15.1   0.0   3.0 75.5
2010090  16.7   9.1  20.1   0.0   3.1 49.2
2010091  17.3  -3.1  24.7   0.0   1.9 51.2
2010092  14.3  -1.7   8.5   0.0   2.5 66.3
2010093  19.6  -3.0  20.9   0.0   3.1 52.2
2010094  18.1  -3.2  19.0   0.0   1.8 36.6
2010095  15.1   4.9  19.4   0.0   3.5 55.4
2010096   8.0  -1.6  14.8   0.0   3.5 80.0
2010097  21.8  -0.7   8.6  12.4   4.3 64.8
2010098  23.5  -0.2  14.3   4.1   2.3 62.0
2010099  21.6  -0.8  17.3   0.0   3.4 54.5
2010100  22.6   3.0  15.6   0.0   3.2 60.9
2010101  20.8   1.5  16.7   0.0   2.6 65.8
2010102  17.7   9.7  22.9   0.0   5.3 64.8
2010103  18.6   7.7  21.8  11.4   7.8 71.5
2010104  20.1   4.7  18.7   1.3   2.0 61.9
2010105  14.7  10.7  21.2   0.0   2.9 71.4
2010106  18.5  -2.6  14.4   0.0   2.7 67.5
2010107  21.8   1.4  11.5   0.0   2.6 63.2
2010108  20.3   2.9  19.2   0.0   4.2 52.1
2010109  18.0   5.1  18.4   0.3   3.5 78.4
2010110  14.0   5.2  20.2   8.6   2.3 80.0
2010111  12.8   8.0  20.6   0.0   2.4 84.0
2010112   7.1   7.8  15.2   0.0   3.9 87.6
2010113  17.0  10.4  20.7   8.1   3.5 69.7
2010114  10.7  10.4   6.6  10.2   3.8 87.3
2010115  21.1   6.0  17.1   0.0   3.2 60.7
2010116  20.6   0.5   8.7   0.0   3.1 60.6
2010117  24.5   0.5  16.0   0.0   2.1 60.4
2010118  22.9   8.8  22.4   0.0   6.1 55.9
2010119  19.3   7.5  20.3   0.3   1.9 55.1
2018120  20.5  12.2  29.2   0.0   5.8 52.3
2018121  10.0   9.0  14.8   0.0   4.2 80.2
2018122  13.5   7.6  17.6   0.0   2.8 73.5
2018123   8.7  10.5  14.1   5.8   3.9 84.0
2018124  27.2   9.0  23.5   0.0   2.9 59.4
2018125  26.4   6.3  27.8   0.0   2.0 48.9
2018126  22.7  10.0  28.1   0.0   2.2 52.5
2018127  25.3   7.1  27.2   0.0   4.6 51.5
2018128  24.4  10.8  24.9   0.0   3.5 56.8
2018129  26.1   6.7  28.8   0.0   2.3 58.8
2018130  26.2  13.5  24.9  13.4   4.8 65.7
2018131   6.2   6.8  12.3   0.0   3.4 92.1
2018132   6.3   5.9  10.9   0.0   3.0 93.9
2018133   8.6   7.2  16.6   0.0   1.7 90.6
2018134  16.2  14.0  22.2  17.3   2.4 81.6
2018135  27.0   8.3  22.9   0.0   1.6 70.2
2018136  27.4  11.4  27.7   0.0   2.6 64.2
2018137  27.0  11.1  26.1   0.0   5.0 62.2
2018138  12.7  11.8  22.3  27.6   3.3 80.4
2018139   4.8   8.8  10.9  24.4   4.4 94.2
2018140  13.8   8.6  15.7   0.0   2.5 77.8
2018141  26.1   7.6  20.5   0.0   2.9 75.8
2018142  22.5  13.7  27.7   0.0   3.0 68.8
2018143  22.9  15.8  27.2   0.0   4.5 63.6
2018144  27.8  18.2  25.3   0.0   2.0 65.9
2018145  29.1  18.7  31.9   0.0   2.4 50.2
2018146  28.4  12.8  32.0   0.0   2.7 53.6
2018147  20.3  17.2  31.1   8.7   4.8 56.1
2018148   6.8  11.7  21.3  34.8   4.4 77.0
2018149  15.4  11.0  23.3   6.3   3.0 81.9
2018150  29.0  11.2  26.2   0.0   2.8 67.4
2007151  13.5   6.4  13.9   8.1   2.0 83.2
2007152  21.3   9.2  19.0   0.3   1.6 71.2
2007153  23.1  11.6  22.5   0.0   2.0 74.9
2007154  24.4  13.1  26.8   0.0   2.1 70.1
2007155  22.4   5.3  25.4   0.3   1.4 70.8
2007156  25.4  11.9  21.7   0.0   3.3 78.8
2007157  20.9  14.8  31.9   0.0   4.3 56.6
2007158  22.6   9.9  20.5   0.8   2.7 61.0
2007159  28.4   4.2  22.5   0.0   1.7 64.6
2007160  28.1  11.2  32.7   0.0   2.8 55.4
2007161  24.3  14.3  33.8   0.5   2.8 65.9
2007162  23.5  15.3  33.6   7.6   3.8 66.4
2007163   3.8  17.7  22.9  30.2   2.1 91.8
2007164   3.4  17.7  15.7   6.9   2.1 92.5
2007165   8.8  17.0  19.1   0.5   1.1 88.5
2007166  26.6  14.0  28.1   0.0   2.5 79.3
2007167  26.7  18.6  25.8   0.0   3.4 74.7
2007168  26.6  18.6  24.2   0.0   4.7 71.2
2007169  26.7  13.8  23.9   5.8   1.9 65.3
2007170  18.6  10.9  27.2   0.0   2.3 79.3
2007171  24.6  18.0  33.6   0.0   3.3 74.8
2007172  23.1  20.8  30.2   7.1   3.8 65.1
2007173  27.8  14.5  31.7   0.0   1.8 62.1
2007174  28.2  16.3  31.1   0.0   1.8 67.3
2007175  28.3  14.5  32.2   0.0   4.3 66.3
2007176  28.0  20.7  33.7   0.0   5.2 63.1
2007177  19.6  16.7  28.4   0.0   3.8 69.3
2007178  26.5  18.6  27.1   0.0   2.3 59.5
2007179  27.8  13.2  25.1   0.0   2.2 68.3
2007180  28.1  12.8  28.6   0.0   2.6 68.8
2015181  24.6  15.0  35.1   0.0   1.4 63.6
2015182  27.1  14.2  34.2   0.0   2.6 62.6
2015183  25.4  16.0  29.6   6.1   2.5 72.0
2015184  24.5  15.3  28.1   0.0   1.6 71.0
2015185  26.5  15.4  31.7   0.0   4.9 64.9
2015186  25.6  20.0  34.3   0.0   3.9 64.0
2015187  15.3  18.1  26.8   0.0   4.4 69.5
2015188  22.8  10.2  23.2   0.0   2.2 69.3
2015189   9.9  10.2  17.8   4.6   2.0 85.1
2015190  20.3  16.7  25.6   0.3   1.8 70.7
2015191  19.6  16.2  29.9   0.0   4.0 72.8
2015192  26.1  17.4  32.9   0.0   2.1 65.8
2015193  27.8  18.7  35.0   0.0   1.4 62.3
2015194  26.6  16.2  34.8   0.0   1.9 56.9
2015195  25.5  18.8  31.9   0.0   2.0 56.0
2015196  20.1  21.0  29.2  10.2   2.1 77.7
2015197  27.3  13.9  35.8   0.0   1.4 62.2
2015198  25.3  14.9  34.6   0.0   2.3 57.4
2015199  27.2  18.2  31.5   6.6   2.4 70.2
2015200  22.8  18.2  29.3   0.0   1.9 75.4
2015201  27.4  15.6  27.8   0.0   2.0 69.6
2015202  22.0   9.8  27.1   0.0   3.0 68.1
2015203  17.6  15.4  27.5   0.8   4.1 77.3
2015204  20.2  17.2  33.0   0.0   3.2 73.6
2015205  19.7  19.0  30.6   0.0   2.6 76.8
2015206  21.7  22.1  30.8   0.0   2.8 76.3
2015207  22.2  22.6  32.8   5.8   2.2 66.8
2015208  24.3  16.6  33.2   0.0   3.8 73.5
2015209  26.5  12.3  28.6   0.0   2.6 57.6
2015210  23.9  11.1  30.5   0.0   2.0 62.0
2015211  25.4  18.2  31.7   0.0   2.0 57.4
2020212  11.6  14.1  26.7   2.3   2.0 82.1
2020213  24.9  11.8  30.6   0.0   1.1 74.8
2020214  25.5  14.6  31.2   2.5   1.8 71.2
2020215  26.8  10.8  24.1   0.0   1.5 70.8
2020216  21.3  10.8  23.6   0.0   2.0 74.2
2020217  17.0  17.2  22.7   0.0   3.8 75.4
2020218  25.7  16.6  28.4   0.0   2.0 73.9
2020219  23.4  16.5  30.3   0.0   2.3 73.7
2020220  23.9  21.8  32.0   0.0   4.4 64.8
2020221  20.1  14.4  34.4   2.3   2.0 72.8
2020222  24.7  17.7  31.8   0.0   1.4 67.5
2020223  24.8  13.8  25.1   0.0   2.1 69.8
2020224  22.4  14.7  32.6   0.0   2.7 69.3
2020225  23.2  15.6  35.3   0.0   2.2 62.8
2020226  25.0  21.1  32.5   0.0   3.7 69.3
2020227  24.4  15.3  29.1   0.0   3.4 70.8
2020228  20.2  13.1  29.7   0.0   2.5 66.7
2020229  19.0  16.4  33.8   0.0   2.0 63.3
2020230  24.4  10.3  29.2   0.0   1.9 64.7
2020231  22.8  15.9  35.6   0.0   3.5 53.5
2020232  17.5  18.7  28.2   0.0   2.9 59.9
2020233  19.7  16.4  33.6   0.0   2.5 60.9
2020234  21.3  17.4  33.3   0.0   2.9 59.8
2020235  20.8  15.9  35.5   0.0   2.3 62.9
2020236  21.5  15.6  35.7   0.0   2.4 61.1
2020237  20.6  20.6  34.8   0.0   3.7 50.1
2020238  21.3  19.0  35.5   0.0   4.9 50.3
2020239  21.5  19.2  32.0   0.0   2.6 48.8
2020240  20.4  16.7  35.5   0.0   2.3 55.0
2020241  19.0  17.1  29.2   0.0   3.6 63.8
2020242  21.6  12.8  30.0   0.0   2.0 65.2
2009243  14.3  11.4  22.9   0.0   4.5 62.8
2009244  17.0  13.9  25.3   0.0   4.0 71.7
2009245  16.1  15.2  30.3   0.0   1.9 70.9
2009246  16.6  12.4  23.1   0.0   2.1 76.6
2009247  11.9  10.8  26.1   0.0   2.5 92.0
2009248  14.7  12.6  23.2   0.0   2.8 77.2
2009249   9.3  11.5  22.8   0.0   4.1 86.0
2009250  17.0  20.4  27.1   0.0   4.5 61.9
2009251  19.6  15.6  26.4   9.4   3.4 71.1
2009252  14.1  13.6  23.6   0.0   1.8 83.1
2009253  12.8  15.7  21.9   0.0   3.0 79.1
2009254   9.1   7.1  22.6   5.3   2.6 65.9
2009255  18.2   9.7  23.3   0.0   1.3 69.1
2009256   9.9   7.9  22.7   0.0   3.0 78.6
2009257  16.7  12.7  22.8   0.0   3.2 71.4
2009258  16.9   7.6  23.1   0.0   2.2 73.6
2009259  17.9  12.7  24.8   0.0   1.3 67.1
2009260  16.7   9.2  23.0   0.0   1.8 68.1
2009261  15.8   5.2  23.8   0.0   2.2 66.0
2009262  18.1   9.7  23.4   0.0   2.1 65.4
2009263  16.8  11.4  29.0   0.0   4.7 63.1
2009264  11.6   8.5  16.7   0.0   2.9 73.8
2009265   2.7   8.9  10.6  17.3   2.4 85.8
2009266   9.5   3.3  16.7   0.8   2.2 77.6
2009267   7.5   1.7  11.5   6.1   0.8 87.0
2009268  13.3   3.8  17.5   0.0   1.1 71.6
2009269  18.0   3.7  27.3   0.0   1.6 62.6
2009270  17.8   7.4  23.2   0.0   2.9 53.6
2009271  18.9   1.6  18.6   0.0   1.3 54.3
2009272  17.6   3.4  21.0   0.0   4.0 62.6
2004273   8.8   7.8  18.9   0.0   3.2 81.9
2004274  12.0  11.6  24.1   0.0   4.3 70.0
2004275  13.7   5.9  14.7   3.0   2.5 65.3
2004276  15.6   6.2  17.5   0.0   3.3 66.7
2004277  16.1   1.2  23.8   0.0   1.6 64.1
2004278  16.5   6.0  17.1   0.0   2.3 68.9
2004279  14.5   6.3  26.1   0.0   3.8 68.3
2004280   3.4   7.3  13.2  10.0   3.6 93.8
2004281  13.3   6.9  21.5   0.0   1.4 66.5
2004282  16.0   8.8  24.2   0.0   1.8 61.9
2004283  15.9   9.0  26.0   0.0   3.6 68.1
2004284  11.1   7.7  17.6   0.0   2.6 73.6
2004285   6.6   8.3  20.2   0.0   1.1 72.9
2004286  14.1  10.0  25.9   0.0   1.4 67.4
2004287   8.1  -0.1   9.7   1.0   2.2 66.0
2004288   6.0  -0.4  13.8   0.0   1.4 75.0
2004289   3.7   2.6  10.1   5.0   1.4 81.3
2004290  11.5  -2.9  16.1   0.0   2.1 78.7
2004291  13.0   3.3  20.6   0.0   1.8 74.8
2004292  10.7   9.8  19.3   9.0   2.2 79.4
2004293   9.8   6.2  19.4   0.0   1.8 69.3
2004294   2.9  10.5  14.0   0.0   3.3 93.3
2004295   3.5  11.0  12.5   0.0   2.3 86.7
2004296   9.6   6.2  21.6   0.0   2.4 68.4
2004297  12.6   3.9  16.3   0.0   2.2 58.9
2004298  10.1   3.6  15.1   0.0   2.1 69.5
2004299  11.3   0.3  13.1   0.0   1.7 65.5
2004300  11.8  -3.7  18.2   0.0   1.2 72.4
2004301   2.6   2.5  19.4   0.0   3.0 96.4
2004302  10.5  14.2  26.3   0.0   3.7 62.3
2004303   9.7   9.6  14.1   0.0   3.5 59.3
2005304  12.6   0.6  12.6   0.0   1.8 56.6
2005305  12.1  -2.1  22.8   0.0   1.7 54.6
2005306  11.0  -2.9  25.1   0.0   1.9 50.8
2005307   7.4   4.6  20.5   0.0   1.2 61.5
2005308   8.5  -2.5  16.6   0.0   1.5 64.6
2005309   6.7  -3.8  12.4   0.0   1.1 66.4
2005310  10.9  -7.2  19.8   0.0   3.1 58.0
2005311  10.7  -1.5  24.5   0.0   1.4 56.6
2005312   8.9   0.2  27.2   0.0   1.7 58.9
2005313   6.6  -4.5  12.8   0.0   1.9 50.7
2005314  10.4   1.3  25.6   0.0   1.8 46.7
2005315  10.2   2.5  25.0   0.0   1.6 53.0
2005316   7.2   2.8  14.8   0.0   2.2 66.6
2005317  10.2   0.1   8.9   0.0   2.2 45.7
2005318   7.8  -2.1  10.4   0.0   4.0 67.0
2005319   4.5  -7.3   0.8   0.0   3.1 73.8
2005320  10.2  -5.4   5.3   0.0   2.0 65.4
2005321   6.2  -9.1   8.6   0.0   1.4 71.2
2005322  10.3  -7.6  15.5   0.0   2.2 60.9
2005323   4.8   0.6  10.6   0.0   2.4 77.7
2005324   9.8  -6.6  15.8   0.0   0.9 61.9
2005325   9.5  -1.3  14.6   0.0   1.4 61.5
2005326   9.3   0.3  15.9   0.0   1.4 61.2
2005327   9.4  -2.8  15.7   0.0   1.9 38.1
2005328   7.3  -6.3   3.6   0.0   1.9 69.9
2005329   9.9   1.2  15.3   0.0   2.2 58.4
2005330   9.3  -8.2  17.2   0.0   1.5 55.0
2005331   1.2  -1.5   8.0   0.0   3.4 81.4
2005332   4.0 -10.6  -4.4   0.0   4.9 82.1
2005333   8.8 -11.5  -1.1   0.0   2.2 69.2
2008334   6.6  -4.2   5.1   0.0   1.9 68.5
2008335   6.6  -1.2  10.1   0.0   4.9 57.4
2008336   8.4  -5.0   4.2   0.0   2.8 57.8
2008337   6.9  -2.7  12.6   0.0   2.0 56.5
2008338   4.9  -3.9  -2.0   0.0   3.6 60.9
2008339   4.7 -17.0  -5.9   0.0   1.9 67.0
2008340   5.5 -12.4   5.5   0.0   2.1 72.9
2008341   3.5  -0.1   3.4   0.0   1.7 66.3
2008342   4.6  -7.7   3.6   0.0   1.6 72.5
2008343   0.9  -9.6   6.3   0.0   2.5 80.2
2008344   9.2 -10.9  -2.3   0.0   3.6 66.4
2008345   6.2 -14.8  12.3   0.0   1.6 65.0
2008346   6.9  -8.6   4.2   0.0   1.7 78.2
2008347   4.7 -10.2   6.0   0.0   2.5 76.0
2008348   6.3  -8.8  14.0   0.0   2.1 77.5
2008349   4.8 -24.1  -8.0   0.0   4.2 73.6
2008350   9.0 -23.1 -11.0   0.0   1.3 59.9
2008351   8.0 -20.1  -9.9   0.0   2.8 77.0
2008352   7.8 -16.7   1.5   0.0   1.8 75.0
2008353   6.0 -15.6   2.0   0.0   1.6 89.9
2008354   7.9 -15.7  -0.2   0.0   1.7 84.3
2008355   6.7 -18.2  -6.5   0.0   2.5 75.6
2008356   8.8 -23.8 -11.7   0.0   1.7 62.5
2008357   5.7 -15.1  -5.8   0.0   5.5 67.8
2008358   4.1 -16.1  -9.3   0.0   2.1 75.5
2008359   8.9 -22.4  -1.4   0.0   2.2 70.7
2008360   7.4 -11.0  -1.4   0.0   2.0 79.3
2008361   7.7 -15.3  11.3   0.0   1.6 75.7
2008362   8.5  -4.4  -0.2   0.0   1.8 65.2
2008363   7.9  -5.3  11.8   0.0   2.0 68.5
2008364   8.0  -2.1  16.2   0.0   2.7 70.3
