001 45.7 21.7 0.0
002 44.5 24.7 0.0
003 39.3 25.8 0.0
004 44.5 22.1 0.0
005 44.7 23.6 0.0
006 42.4 25.4 0.0
007 42.1 22.0 0.0
008 44.0 24.3 0.0
009 44.7 22.4 0.0
010 46.5 20.1 0.0
011 42.6 23.2 0.0
012 41.9 17.0 0.0
013 38.2 22.9 0.0
014 50.3 21.1 0.0
015 39.0 14.6 0.0
016 39.7 18.1 0.0
017 39.7 15.6 0.0
018 41.2 22.6 0.0
019 38.2 18.5 0.0
020 33.9 13.9 0.0
021 45.7 15.4 0.0
022 42.2 13.4 0.0
023 40.0 18.9 0.0
024 32.2 20.4 0.0
025 35.0 19.3 0.0
026 39.8 10.8 0.0
027 37.2 17.2 0.0
028 35.0 20.2 0.0
029 38.6 14.3 0.0
030 38.2 23.1 0.0
031 41.8 21.1 0.0
032 49.9 21.7 0.0
033 48.0 14.7 0.0
034 41.4 15.2 0.0
035 51.4 23.5 0.0
036 46.0 21.8 0.01
037 44.0 20.8 0.04
038 48.6 18.6 0.07
039 30.1 24.4 0.02
040 44.8 25.2 0.0
041 44.5 20.8 0.01
042 41.7 16.6 0.07
043 46.0 18.3 0.05
044 41.2 22.1 0.09
045 47.3 25.3 0.04
046 44.9 17.2 0.03
047 39.6 16.6 0.12
048 46.9 21.0 0.04
049 42.3 15.5 0.01
050 40.1 13.8 0.04
051 43.4 21.7 0.04
052 43.5 18.8 0.07
053 33.4 17.0 0.04
054 51.6 28.7 0.01
055 44.8 10.7 0.02
056 54.1 13.2 0.01
057 48.0 10.7 0.02
058 31.2 18.3 0.0
059 44.6 12.1 0.01
060 39.7 22.1 0.03
061 38.6 22.7 0.06
062 36.4 15.6 0.04
063 50.4 16.9 0.0
064 50.2 23.6 0.0
065 61.2 23.4 0.0
066 49.7 16.2 0.0
067 38.4 20.2 0.0
068 44.1 28.1 0.0
069 52.4 13.3 0.35
070 54.1 23.2 0.02
071 61.4 24.8 0.88
072 62.3 26.5 0.08
073 56.4 28.0 0.26
074 66.7 19.7 0.34
075 57.7 23.5 1.12
076 56.9 20.2 0.67
077 55.2 33.2 0.2
078 62.4 34.5 0.03
079 54.0 30.6 1.39
080 48.4 30.9 0.67
081 53.4 26.7 0.96
082 50.1 31.0 0.21
083 72.0 26.4 1.5
084 53.4 29.9 0.29
085 36.0 27.6 0.44
086 44.2 27.7 0.15
087 46.6 27.0 0.64
088 42.5 30.5 1.34
089 55.1 26.9 3.8
090 54.4 29.4 1.18
091 37.5 36.5 0.13
092 48.9 25.5 1.34
093 47.7 32.2 0.15
094 45.6 27.8 2.16
095 59.7 30.0 0.04
096 53.1 30.0 2.59
097 53.6 27.0 1.21
098 62.0 21.2 2.0
099 55.2 22.7 0.08
100 63.6 34.6 2.64
101 52.4 27.9 0.59
102 62.9 35.6 0.82
103 55.9 35.2 0.65
104 65.5 25.8 0.47
105 57.9 33.1 2.8
106 53.7 20.5 1.14
107 61.8 31.0 0.04
108 48.0 29.8 0.05
109 47.2 24.0 0.44
110 61.6 26.8 0.73
111 61.3 35.7 0.97
112 47.3 28.9 0.35
113 64.1 26.9 0.43
114 59.0 24.5 0.86
115 58.8 40.3 1.37
116 61.8 36.9 1.5
117 66.3 29.7 1.08
118 48.1 22.1 0.61
119 67.3 35.7 1.75
120 68.4 24.5 0.32
121 54.4 23.7 0.27
122 73.5 26.6 1.21
123 66.2 29.6 0.02
124 68.0 37.7 2.45
125 58.0 38.2 6.86
126 69.9 44.9 3.09
127 63.2 39.9 1.52
128 69.0 42.4 6.66
129 71.3 37.3 5.93
130 69.6 40.2 5.92
131 71.5 45.4 10.11
132 69.0 37.4 1.78
133 62.6 46.5 5.37
134 63.7 37.2 2.83
135 65.2 42.5 5.7
136 71.2 40.4 1.43
137 71.5 40.4 1.01
138 58.3 41.7 4.42
139 64.6 39.7 3.88
140 65.3 38.5 0.76
141 58.6 40.8 2.46
142 67.7 46.7 2.54
143 59.9 39.9 4.52
144 66.0 42.2 2.65
145 64.9 44.7 2.74
146 65.2 45.7 3.17
147 64.7 44.7 3.94
148 71.6 36.3 0.99
149 71.6 39.5 1.69
150 59.4 43.1 0.17
151 65.5 45.0 3.74
152 70.3 43.7 3.05
153 70.7 52.9 0.01
154 70.6 42.8 1.25
155 77.6 49.3 5.68
156 76.8 54.0 1.15
157 85.1 53.2 0.71
158 80.2 51.5 0.7
159 91.4 52.7 1.06
160 90.0 49.6 2.73
161 77.1 43.3 2.95
162 70.7 57.0 3.4
163 78.3 56.7 2.57
164 85.1 40.2 0.34
165 93.2 63.3 1.52
166 80.7 54.3 0.02
167 89.6 54.2 0.56
168 91.3 56.4 0.12
169 83.5 61.1 0.34
170 82.3 57.6 0.02
171 82.9 62.9 0.16
172 86.6 52.2 0.73
173 93.0 60.4 0.19
174 87.0 61.4 0.52
175 83.1 60.6 0.37
176 82.4 59.7 0.68
177 83.7 58.1 0.37
178 89.6 55.3 0.88
179 88.3 58.8 0.11
180 85.2 66.3 0.74
181 88.6 55.5 0.32
182 86.9 49.0 1.14
183 88.4 58.0 0.11
184 91.9 57.8 0.66
185 87.5 65.5 0.18
186 88.8 59.8 0.7
187 89.4 63.4 0.17
188 88.6 52.0 0.39
189 88.8 59.0 0.81
190 87.5 59.7 0.02
191 88.3 57.5 4.3
192 93.3 52.3 0.12
193 90.5 60.7 2.69
194 92.6 68.1 1.57
195 90.2 63.4 1.58
196 92.1 62.6 2.63
197 89.7 59.1 4.68
198 93.2 57.1 4.42
199 88.5 58.9 3.17
200 90.3 61.3 0.38
201 88.2 59.4 3.12
202 89.6 62.1 2.63
203 90.4 62.3 1.03
204 87.6 64.7 3.17
205 91.5 60.7 4.97
206 92.4 64.5 7.55
207 91.5 60.9 5.16
208 89.9 67.2 2.48
209 89.7 67.6 4.75
210 87.9 60.8 0.85
211 86.1 67.0 1.7
212 90.4 68.7 7.42
213 87.2 64.2 1.57
214 87.9 64.8 8.21
215 84.9 62.1 6.26
216 85.8 62.1 6.08
217 79.1 59.7 2.31
218 88.2 63.6 7.56
219 81.8 61.2 9.1
220 82.7 64.9 6.34
221 83.7 63.8 3.76
222 91.4 61.0 4.2
223 83.9 64.2 2.4
224 84.7 62.1 5.2
225 86.8 66.9 3.19
226 86.8 60.8 2.55
227 84.0 58.6 7.51
228 81.5 60.2 0.22
229 85.1 54.1 0.39
230 88.4 60.7 1.98
231 82.7 55.8 0.65
232 83.8 58.0 0.05
233 84.9 62.8 1.09
234 87.1 62.8 0.09
235 89.5 63.1 0.34
236 85.7 65.0 0.27
237 89.2 59.5 0.09
238 91.4 63.2 0.66
239 89.7 60.5 0.5
240 87.6 59.9 0.03
241 93.3 61.8 0.0
242 90.0 61.8 0.0
243 93.6 59.2 0.0
244 86.6 55.8 0.0
245 89.0 58.2 0.0
246 94.7 57.7 0.0
247 86.4 58.6 0.0
248 83.4 60.4 0.0
249 90.0 60.8 0.0
250 90.4 61.1 0.0
251 90.3 56.8 0.0
252 96.5 57.6 1.15
253 84.8 53.3 1.3
254 74.1 53.7 1.42
255 69.2 55.5 0.8
256 89.2 50.0 1.32
257 83.7 52.5 1.53
258 89.0 47.0 0.09
259 73.1 38.2 0.68
260 60.0 48.5 1.64
261 77.1 53.1 0.26
262 74.9 44.0 0.47
263 72.3 50.7 0.79
264 71.1 46.1 2.08
265 79.6 44.1 0.68
266 75.5 44.4 0.31
267 89.0 47.6 1.46
268 78.2 50.2 0.13
269 70.2 53.4 1.74
270 78.2 35.4 0.95
271 79.4 47.5 0.03
272 79.3 45.6 0.78
273 79.2 50.7 0.18
274 78.6 48.6 0.59
275 75.8 43.3 0.27
276 74.1 46.9 0.07
277 77.6 46.7 0.04
278 82.2 55.1 0.1
279 69.2 36.5 0.16
280 77.9 50.8 0.11
281 79.9 52.7 0.12
282 79.8 43.5 0.01
283 86.3 52.6 0.22
284 71.3 49.8 0.24
285 78.3 46.0 0.24
286 68.0 49.1 0.18
287 85.5 32.2 0.0
288 77.7 41.6 0.1
289 71.8 42.2 0.23
290 80.1 37.6 0.01
291 71.3 41.7 0.03
292 76.7 36.1 0.02
293 65.4 33.8 0.08
294 67.0 34.7 0.02
295 64.7 33.6 0.08
296 69.6 38.3 0.04
297 67.0 37.6 0.09
298 56.9 39.3 0.03
299 59.0 40.4 0.0
300 73.6 37.7 0.11
301 53.4 34.1 0.04
302 40.2 24.8 0.06
303 46.2 24.4 0.01
304 41.4 30.1 0.1
305 59.5 30.5 0.07
306 43.7 26.0 0.05
307 50.1 24.0 0.11
308 60.2 33.2 0.19
309 60.4 23.4 0.28
310 58.3 28.1 0.02
311 64.7 39.2 0.06
312 59.1 38.0 0.33
313 56.8 30.0 0.03
314 45.1 22.7 0.15
315 61.2 36.3 0.36
316 61.0 35.9 0.22
317 67.7 23.7 0.38
318 61.0 23.2 0.33
319 63.4 35.7 0.47
320 60.9 24.7 0.14
321 53.7 26.6 0.08
322 57.9 30.7 0.12
323 68.5 32.5 0.62
324 67.6 19.9 0.25
325 72.0 25.6 0.43
326 59.9 25.6 0.66
327 60.2 33.8 0.13
328 61.9 25.5 0.72
329 59.9 32.3 0.22
330 58.0 26.9 0.21
331 52.6 20.3 0.44
332 64.6 30.6 0.1
333 45.9 26.0 0.05
334 57.3 23.1 0.55
335 51.7 24.6 0.02
336 50.4 26.0 0.15
337 47.3 19.2 0.05
338 48.1 19.4 0.09
339 51.9 24.7 0.05
340 47.1 22.3 0.14
341 47.7 24.1 0.16
342 47.5 22.4 0.04
343 54.2 19.9 0.05
344 47.8 23.1 0.05
345 51.0 27.7 0.25
346 44.9 25.3 0.09
347 59.8 16.8 0.02
348 43.1 21.1 0.01
349 43.2 20.3 0.0
350 43.4 42.4 0.04
351 39.7 16.5 0.08
352 48.9 16.0 0.44
353 44.4 21.4 0.81
354 44.2 12.0 0.14
355 41.7 17.6 0.06
356 41.5 21.7 0.57
357 47.7 24.3 0.26
358 42.7 20.5 0.21
359 62.5 16.2 0.38
360 42.5 10.2 0.75
361 44.4 21.0 0.02
362 47.5 12.0 0.48
363 47.1 20.0 0.95
364 37.5 19.6 0.18
365 36.6 15.6 0.91
366 48.5 24.5 0.85
