2021001   8.4 -11.7   5.2   0.0   1.4 76.8
2021002   8.5 -11.5   6.4   0.0   1.9 72.6
2021003   8.6  -4.2   7.1   0.0   2.2 64.2
2021004   8.7  -3.2   9.1   0.0   2.2 66.8
2021005   5.4  -4.3   5.8   0.0   1.9 66.5
2021006   8.7  -1.1   5.3   0.0   3.5 59.0
2021007   1.6  -7.1   1.2   0.0   1.0 84.3
2021008   2.9  -7.1   1.7   0.0   1.7 89.9
2021009   4.5  -2.8   0.9   0.0   1.4 81.2
2021010   4.7  -4.3  -1.2   0.0   1.5 75.1
2021011   9.1  -6.3   4.0   0.0   2.3 64.0
2021012   9.1  -4.8  14.8   0.0   2.0 50.8
2021013   7.4   0.5  14.8   0.0   3.1 44.7
2021014   8.1   2.9   5.2   0.0   7.6 50.3
2021015   8.3 -12.2   1.6   0.0   6.8 54.7
2021016   5.7  -5.6   6.5   0.0   3.4 57.6
2021017   8.6  -6.9   7.5   0.0   2.8 56.5
2021018   8.1  -4.7   6.4   0.0   4.1 58.8
2021019   7.1  -4.7   9.2   0.0   2.8 63.6
2021020  10.1  -5.7  14.9   0.0   3.2 45.3
2021021   8.4 -12.9   5.2   0.0   2.2 52.1
2021022   7.1  -3.4  -1.5   0.0   2.3 68.3
2021023   2.3  -3.4  -4.4   0.0   2.6 83.3
2021024   4.3  -3.4  -2.8   0.0   2.1 82.9
2021025   4.6 -11.9  -2.5   0.0   3.1 89.8
2021026   8.8 -11.9  -8.1   0.0   2.1 81.2
2021027  10.0 -13.6  -7.1   0.3   2.1 81.3
2021028   9.5 -14.0  -6.4   0.0   2.2 85.1
2021029   7.3 -10.1   1.6   1.0   0.8 84.6
2021030   5.3  -8.5   1.3   0.0   3.6 87.4
2017031   8.3  -5.2   8.5   0.0   2.0 61.4
2017032   2.5  -5.2  -6.6   0.0   3.6 74.5
2017033   4.8  -8.7  -8.1   0.0   2.1 72.8
2017034   7.3 -14.7  -3.0   0.0   3.0 78.9
2017035  12.3  -4.3  14.5   0.0   3.0 61.7
2017036  10.9  -6.6  17.5   0.0   3.0 65.6
2017037   6.1   3.1   6.2   0.0   1.1 71.4
2017038   7.8  -3.3   3.8   0.0   3.2 73.7
2017039  12.3 -14.9  -1.6   0.0   2.5 63.8
2017040  11.3 -13.6   7.9   0.0   3.1 64.1
2017041   7.1   0.3  21.3   0.0   0.9 59.7
2017042   6.6   0.9  12.8   0.0   1.6 67.0
2017043  13.3  -6.7   9.9   0.0   1.7 53.5
2017044   9.6  -3.2   8.6   0.0   1.4 57.9
2017045  12.9  -3.3   6.2   0.0   2.1 58.9
2017046  14.3  -3.2  18.1   0.0   1.9 54.3
2017047  14.8  -5.6  21.9   0.0   1.9 45.7
2017048  14.7  -1.6  19.7   0.0   2.0 47.7
2017049  12.8  -2.7  17.0   0.0   1.7 58.9
2017050   7.7   4.0  22.5   0.0   4.5 62.5
2017051  14.1   5.5  18.7   0.0   2.4 56.4
2017052  15.5  -7.0  20.2   0.0   1.8 44.7
2017053  15.7   0.2  18.5   0.0   1.6 47.8
2017054   1.6  -5.1   2.6   0.0   5.2 90.3
2017055  12.6 -12.5  -3.9   0.0   3.9 78.3
2017056  16.3 -12.8   1.7   0.0   1.4 70.9
2017057  17.0 -13.7  -1.5   0.0   1.6 55.5
2017058  15.6 -12.0  11.6   0.0   2.4 61.3
2007059   5.3 -12.0  -0.2   0.0   2.8 90.7
2007060  15.3  -4.9   7.4   0.0   1.9 66.6
2007061  11.6  -5.4  -0.8   0.0   3.1 68.1
2007062  17.5  -7.5   0.4   0.0   3.3 60.2
2007063  17.2  -6.5  10.4   0.0   2.3 54.3
2007064  17.0  -4.8  11.1   0.0   2.3 70.8
2007065  11.9  -5.9  17.4   0.0   1.9 66.9
2007066  17.6  -4.8  10.6   0.0   2.6 71.2
2007067  15.0  -7.4  17.1   0.0   2.0 66.8
2007068  17.1   0.4  18.5   0.0   2.2 59.5
2007069  11.7  -1.3  18.8   0.0   1.8 70.0
2007070  17.2   0.1  14.3   0.0   2.4 69.2
2007071  17.8  -1.6  24.6   0.0   3.0 55.7
2007072  18.4   4.6  24.8   0.0   1.6 50.5
2007073  16.5   2.6  13.9   0.0   4.2 66.5
2007074  16.1  -2.2   9.0   0.0   2.8 56.3
2007075  17.6  -2.8  17.5   0.0   2.2 57.1
2007076  18.1   0.7  24.5   0.0   2.1 56.0
2007077  17.7   2.3  22.1   0.0   3.8 55.8
2007078  18.4   6.0   9.8   0.0   3.9 59.2
2007079   7.3   5.8  12.5   0.0   4.5 77.9
2007080  15.1   4.5  15.9   0.0   3.2 66.5
2007081  15.7  -0.8  16.5   0.0   2.3 69.0
2007082  19.0   3.0  21.5   0.0   1.7 72.8
2007083   8.1   8.7  18.2   0.0   3.0 81.0
2007084  20.3   4.9  23.6   0.0   2.8 60.9
2007085  18.0   6.6  24.7   0.0   3.2 65.8
2007086   7.8   4.0  10.0   0.0   2.6 89.9
2007087  12.1   7.7  24.4   0.0   6.7 85.5
2007088   9.2   4.2  17.2  14.0   3.6 79.6
2007089  14.6  -0.9  11.7   0.0   3.4 77.2
2017090   4.1   1.9  10.6   0.0   2.7 81.8
2017091  10.6   5.8  16.0   0.0   2.4 67.0
2017092  22.0   5.8  16.3   0.0   2.4 65.6
2017093  10.9   0.7   7.0   1.0   2.0 82.4
2017094  14.5  -0.0  14.8   0.0   3.2 65.0
2017095  23.1  -0.6  11.7   0.0   2.3 55.1
2017096  24.2   0.6  20.4   0.0   1.9 59.5
2017097  20.9   3.0  25.7   0.0   6.1 51.7
2017098  14.9   4.1  22.2   0.0   1.6 58.9
2017099  16.5   1.9  17.0   4.6   3.0 64.7
2017100  22.1  -1.2  14.1   0.0   2.5 66.8
2017101  23.5   0.1  22.8   0.0   2.1 56.6
2017102  22.2   7.4  25.3   0.0   3.7 49.9
2017103  20.8   5.2  22.5   0.0   3.9 65.1
2017104  16.8  15.9  21.8   2.5   3.4 70.9
2017105  21.9   7.4  24.6   0.3   2.3 55.1
2017106  23.1   4.3  17.9   0.0   2.7 63.4
2017107  11.6   8.8  19.5   0.0   3.3 75.0
2017108  24.1  14.3  21.4   0.0   3.0 58.1
2017109  16.1   7.4  17.9   0.0   4.0 62.5
2017110  26.0   3.3  18.8   0.0   2.0 51.6
2017111   9.2   3.7  12.7   0.0   3.5 65.7
2017112  23.9   0.0  18.5   0.0   1.4 61.1
2017113  23.2   2.8  19.0   0.0   4.8 50.5
2017114  21.8   8.9  25.7   0.0   3.3 49.4
2017115   8.1  -2.1   6.7  13.2   4.3 86.9
2017116  22.9   0.9  10.6   0.0   2.9 66.1
2017117  13.6  -3.6  16.1   3.3   3.0 72.9
2017118   5.9  -3.7   3.7  27.2   3.9 89.6
2017119   7.6   5.6   8.8   0.0   5.4 61.3
2004120   5.9   1.4  12.1   0.0   5.5 78.7
2004121   5.7  -0.5   5.2   0.0   2.0 64.7
2004122  19.5   0.4  15.3   0.0   1.7 58.8
2004123  26.9  -0.7  14.3   0.0   2.2 59.2
2004124  26.9   0.6  27.0   0.0   3.1 44.7
2004125  25.3  15.3  26.2   0.0   2.9 56.4
2004126  24.6  12.6  30.3   0.0   3.9 46.2
2004127  25.5  13.0  27.4   0.0   3.8 58.0
2004128  25.2   5.0  25.0   0.0   2.5 58.5
2004129  24.3  11.6  29.7   0.0   1.9 57.4
2004130  25.1  13.0  29.3   0.0   4.3 57.0
2004131  21.1  15.2  26.3   0.0   4.7 72.5
2004132  24.2  18.8  29.4   0.0   8.8 60.8
2004133  25.6   4.3  15.0   4.0   4.3 68.0
2004134  16.3   0.1   7.4   0.0   4.2 67.2
2004135  26.2  -1.2  21.1   1.0   2.7 66.7
2004136  24.2   9.5  20.5   2.0   3.8 62.6
2004137  14.3  16.0  24.3   0.0   3.9 60.4
2004138  10.4   5.0  12.0   0.0   2.9 85.8
2004139   8.0   6.8  21.0   0.0   3.5 83.9
2004140  13.8  15.3  26.4   0.0   2.3 73.5
2004141  20.7  11.6  25.6   0.0   3.9 63.0
2004142  24.7  14.3  30.0   0.0   2.1 65.5
2004143  19.6   7.3  24.4  40.0   3.6 63.1
2004144  27.1   5.2  24.8   0.0   2.0 63.2
2004145  25.9  12.3  24.7   0.0   3.3 70.4
2004146  22.4   6.1  18.1  10.0   1.6 73.4
2004147  26.0   7.0  24.4   3.0   2.8 62.8
2004148  27.7  12.5  24.1   0.0   1.2 57.0
2004149  23.3  15.7  31.1   0.0   2.3 53.7
2004150  19.9  10.7  26.0   8.0   3.3 66.4
2004151  23.4   8.1  21.2   0.0   2.5 58.5
2004152  26.6   6.8  26.2   0.0   1.9 53.8
2004153  27.7   9.4  24.6   0.0   1.5 51.0
2004154  27.6   6.1  26.4   0.0   2.0 63.9
2004155  27.7   9.5  32.0   0.0   3.5 63.1
2004156  26.4  11.3  28.7   0.0   3.5 60.9
2004157  24.7  11.4  29.5   0.0   2.2 57.9
2004158  26.5  13.1  36.0   0.0   4.3 60.8
2004159  27.9  19.1  33.1   0.0   6.0 46.0
2004160  23.4  20.5  32.6   0.0   4.2 64.8
2004161  18.3  13.0  30.8  30.0   3.3 72.2
2004162  17.7  15.1  30.0   1.0   4.1 73.4
2004163  28.8  13.1  31.1   0.0   1.4 55.0
2004164  28.0  13.0  28.9   0.0   1.1 55.8
2004165  27.4  13.9  28.4   0.0   1.4 47.1
2004166  28.5  15.2  30.2   0.0   2.8 61.5
2004167  27.2  12.3  32.4  56.0   3.7 66.2
2004168  18.5  15.3  21.7   5.0   4.4 77.9
2004169   9.0  15.3  14.1   0.0   2.3 86.3
2004170   4.3  10.6  13.9   7.0   3.7 85.0
2004171   6.9   9.0  15.2   0.0   2.1 85.4
2004172   9.5  13.3  17.7  26.0   1.4 86.1
2004173  13.3   6.9  20.3   5.0   1.1 79.6
2004174  27.9   7.4  25.0   0.0   1.4 64.6
2004175  28.8   7.3  32.4   0.0   1.3 63.6
2004176  24.5   6.1  18.6   0.0   4.4 64.0
2004177  24.3   6.9  25.7   0.0   2.0 68.2
2004178   7.7  10.2  14.2   4.0   2.4 78.0
2004179  11.1   9.6  16.9   0.0   1.7 85.5
2004180  25.4   8.3  26.7   0.0   1.7 66.8
2012181  26.6  16.7  38.1   0.0   2.5 52.6
2012182  20.3  20.7  32.6   0.0   2.6 61.5
2012183  26.3  15.0  32.9   0.0   2.9 60.7
2012184  26.3  20.4  38.9   0.0   3.8 45.7
2012185  26.7  17.4  36.8   0.0   2.7 52.7
2012186  26.1  23.7  38.0   0.0   4.4 45.5
2012187  25.7  19.4  37.3   0.0   3.4 45.5
2012188  27.8  22.5  35.1   0.0   3.4 48.5
2012189  24.8  20.5  27.6   0.0   3.5 64.6
2012190  11.6  16.1  23.8  14.0   1.5 79.6
2012191  27.1  17.7  29.2   0.0   1.8 64.2
2012192  24.5  17.6  27.2   0.5   2.0 64.9
2012193  28.0  17.1  33.9   0.0   3.4 55.1
2012194  25.0  17.1  33.0   4.1   3.3 55.2
2012195  27.8  16.1  34.1   0.0   1.6 63.6
2012196  27.1  16.1  34.0   0.0   2.2 61.5
2012197  26.6  18.5  36.2   0.0   5.1 39.1
2012198  27.4  22.8  35.7   0.0   3.8 39.4
2012199  26.1  16.8  38.2   0.0   2.2 55.2
2012200  25.7  17.5  36.0  13.7   1.5 61.1
2012201  26.8  15.8  35.3   0.0   2.5 61.7
2012202  26.9  24.4  37.4   0.0   4.0 49.0
2012203  26.6  23.2  38.0   0.0   3.8 34.5
2012204  27.1  21.2  38.2   0.0   3.1 41.1
2012205  27.0  22.1  39.0   0.0   3.2 43.5
2012206  27.1  21.7  35.1   0.0   3.2 42.5
2012207  19.8  17.0  31.5   0.0   2.4 60.4
2012208  24.2  15.9  32.4   0.0   1.0 54.7
2012209  26.8  17.6  32.5   0.0   2.8 56.0
2012210  21.0  20.7  35.7   0.0   2.0 52.7
2012211  18.9  15.0  33.9   1.0   2.0 59.5
2020212  11.6  15.9  25.6   2.3   2.0 82.1
2020213  24.9  11.9  31.7   0.0   1.1 74.8
2020214  25.5  14.8  28.8   2.5   1.8 71.2
2020215  26.8  12.3  22.6   0.0   1.5 70.8
2020216  21.3   9.9  24.3   0.0   2.0 74.2
2020217  17.0  15.5  23.6   0.0   3.8 75.4
2020218  25.7  15.2  28.1   0.0   2.0 73.9
2020219  23.4  14.3  30.3   0.0   2.3 73.7
2020220  23.9  21.3  34.3   0.0   4.4 64.8
2020221  20.1  17.0  33.1   2.3   2.0 72.8
2020222  24.7  14.1  35.9   0.0   1.4 67.5
2020223  24.8  14.4  24.2   0.0   2.1 69.8
2020224  22.4  16.7  34.2   0.0   2.7 69.3
2020225  23.2  14.3  33.2   0.0   2.2 62.8
2020226  25.0  21.1  33.3   0.0   3.7 69.3
2020227  24.4  14.9  30.0   0.0   3.4 70.8
2020228  20.2  10.2  29.8   0.0   2.5 66.7
2020229  19.0  17.4  33.6   0.0   2.0 63.3
2020230  24.4  12.5  28.4   0.0   1.9 64.7
2020231  22.8  14.4  33.4   0.0   3.5 53.5
2020232  17.5  18.6  27.7   0.0   2.9 59.9
2020233  19.7  15.8  32.6   0.0   2.5 60.9
2020234  21.3  16.5  33.3   0.0   2.9 59.8
2020235  20.8  15.7  33.0   0.0   2.3 62.9
2020236  21.5  17.3  34.0   0.0   2.4 61.1
2020237  20.6  18.1  35.3   0.0   3.7 50.1
2020238  21.3  21.5  32.5   0.0   4.9 50.3
2020239  21.5  18.4  34.2   0.0   2.6 48.8
2020240  20.4  13.7  33.5   0.0   2.3 55.0
2020241  19.0  13.5  30.0   0.0   3.6 63.8
2020242  21.6  11.7  30.3   0.0   2.0 65.2
2009243  14.3  15.5  21.1   0.0   4.5 62.8
2009244  17.0  14.9  22.8   0.0   4.0 71.7
2009245  16.1  15.1  30.4   0.0   1.9 70.9
2009246  16.6  10.7  23.3   0.0   2.1 76.6
2009247  11.9  12.0  22.2   0.0   2.5 92.0
2009248  14.7  10.8  25.6   0.0   2.8 77.2
2009249   9.3  15.5  24.6   0.0   4.1 86.0
2009250  17.0  16.5  26.9   0.0   4.5 61.9
2009251  19.6  13.5  26.8   9.4   3.4 71.1
2009252  14.1  12.3  25.3   0.0   1.8 83.1
2009253  12.8  16.6  23.3   0.0   3.0 79.1
2009254   9.1   5.5  25.5   5.3   2.6 65.9
2009255  18.2   5.1  23.1   0.0   1.3 69.1
2009256   9.9   7.6  24.5   0.0   3.0 78.6
2009257  16.7  14.8  25.4   0.0   3.2 71.4
2009258  16.9   8.5  25.1   0.0   2.2 73.6
2009259  17.9  11.1  23.0   0.0   1.3 67.1
2009260  16.7   7.1  22.8   0.0   1.8 68.1
2009261  15.8   8.2  26.3   0.0   2.2 66.0
2009262  18.1   9.8  25.5   0.0   2.1 65.4
2009263  16.8  15.5  31.4   0.0   4.7 63.1
2009264  11.6   6.9  18.5   0.0   2.9 73.8
2009265   2.7   7.0  11.6  17.3   2.4 85.8
2009266   9.5   4.2  18.2   0.8   2.2 77.6
2009267   7.5   2.7  12.1   6.1   0.8 87.0
2009268  13.3   1.4  18.7   0.0   1.1 71.6
2009269  18.0   1.9  29.8   0.0   1.6 62.6
2009270  17.8   6.6  23.1   0.0   2.9 53.6
2009271  18.9   1.4  20.0   0.0   1.3 54.3
2009272  17.6   2.2  25.7   0.0   4.0 62.6
2017273   3.8  12.9  14.7   0.8   4.0 81.9
2017274  15.2   9.6  23.3  21.1   3.3 69.1
2017275  10.8   9.2  14.1   6.1   1.9 75.8
2017276  17.7   5.3  15.0   0.0   1.6 64.1
2017277   8.8   2.0  17.3   0.0   1.7 76.0
2017278   3.7  11.1  18.4   0.0   1.8 87.4
2017279   2.6  10.3  14.1  39.1   2.1 95.8
2017280  17.2   5.7  20.9   0.0   2.6 60.4
2017281  16.8  12.9  13.8   0.0   4.1 62.0
2017282   1.9   1.5   8.0   0.3   4.1 70.8
2017283  16.9  -2.3  14.8   0.0   1.5 62.6
2017284  16.4   6.8  24.0   0.0   4.1 61.1
2017285  15.9   3.3  25.4   0.0   2.1 73.0
2017286  15.3   1.9  18.8   0.0   2.0 60.9
2017287   5.2   3.6  14.5   0.0   2.1 83.1
2017288  15.7  -1.3  17.9   0.0   1.8 60.3
2017289  14.6  -4.1  24.1   0.0   2.1 55.1
2017290  15.3  -2.2  22.3   0.0   2.3 51.6
2017291  14.8   6.7  20.6   0.0   2.4 46.4
2017292  14.4  -4.8  25.6   0.0   3.2 63.0
2017293  10.8   9.5  25.5   0.0   5.7 61.0
2017294  10.4   2.3  18.1   0.0   3.6 56.4
2017295  13.5  -4.3  25.3   0.0   2.5 52.0
2017296  13.5   6.4  17.5   0.0   4.0 44.8
2017297  14.0   6.0  17.2   0.0   3.6 41.7
2017298  13.6   7.1  21.4   0.0   2.4 38.9
2017299   7.6  -2.9  18.0   0.0   6.1 45.3
2017300  13.8  -5.5   4.4   0.0   4.1 42.9
2017301  13.1  -6.0  11.1   0.0   2.0 51.4
2017302  10.9   4.5  22.1   0.0   3.4 54.3
2017303  10.3 -10.6   4.3   0.0   4.1 61.9
2005304  12.6  -2.5  14.5   0.0   1.8 56.6
2005305  12.1  -4.9  26.6   0.0   1.7 54.6
2005306  11.0  -0.4  26.1   0.0   1.9 50.8
2005307   7.4   6.1  19.0   0.0   1.2 61.5
2005308   8.5  -1.3  17.6   0.0   1.5 64.6
2005309   6.7  -3.9  12.8   0.0   1.1 66.4
2005310  10.9 -10.3  19.1   0.0   3.1 58.0
2005311  10.7  -1.8  24.6   0.0   1.4 56.6
2005312   8.9   0.8  25.1   0.0   1.7 58.9
2005313   6.6  -2.1   9.3   0.0   1.9 50.7
2005314  10.4  -3.8  21.9   0.0   1.8 46.7
2005315  10.2   2.3  21.5   0.0   1.6 53.0
2005316   7.2   6.1  15.4   0.0   2.2 66.6
2005317  10.2  -0.8  10.0   0.0   2.2 45.7
2005318   7.8  -3.1  11.4   0.0   4.0 67.0
2005319   4.5  -9.4  -1.0   0.0   3.1 73.8
2005320  10.2  -5.6   6.2   0.0   2.0 65.4
2005321   6.2  -7.2  10.3   0.0   1.4 71.2
2005322  10.3  -5.3  18.6   0.0   2.2 60.9
2005323   4.8  -0.4  11.3   0.0   2.4 77.7
2005324   9.8 -11.0  19.7   0.0   0.9 61.9
2005325   9.5  -4.2  11.5   0.0   1.4 61.5
2005326   9.3   1.0  15.4   0.0   1.4 61.2
2005327   9.4  -5.0  16.1   0.0   1.9 38.1
2005328   7.3 -11.7   6.1   0.0   1.9 69.9
2005329   9.9  -0.6  16.0   0.0   2.2 58.4
2005330   9.3  -9.3  19.9   0.0   1.5 55.0
2005331   1.2  -4.1   6.0   0.0   3.4 81.4
2005332   4.0  -8.7  -5.0   0.0   4.9 82.1
2005333   8.8  -8.0   1.4   0.0   2.2 69.2
2017334   9.3  -8.4  10.6   0.0   3.1 53.3
2017335   8.8 -10.3   9.8   0.0   1.8 55.4
2017336   8.5  -4.6  15.7   0.0   3.0 56.3
2017337   4.8  -1.9  11.1   0.0   1.4 75.1
2017338   5.0  -6.7   5.2   0.0   4.5 69.0
2017339   8.8  -8.1   9.2   0.0   3.9 48.4
2017340   4.8 -13.5  -1.4   0.0   3.5 64.6
2017341   9.0 -17.1  -2.8   0.0   1.9 63.4
2017342   8.1  -1.9   9.2   0.0   3.9 53.8
2017343   8.9  -8.4   9.6   0.0   3.0 44.7
2017344   8.8  -1.9  11.1   0.0   3.1 27.3
2017345   5.9  -8.4  12.0   0.0   3.7 52.9
2017346   8.5  -4.5  12.7   0.0   1.9 56.0
2017347   8.3   2.8  10.4   0.0   4.1 39.6
2017348   2.2  -6.4   6.2   0.0   3.6 69.2
2017349   8.5  -7.4  10.7   0.0   2.3 52.6
2017350   4.7  -2.7   4.8   0.0   2.9 67.5
2017351   2.4  -3.6   5.5   0.0   2.5 82.8
2017352   7.0  -5.7  15.0   0.0   2.7 53.7
2017353   7.8  -4.2   4.3   0.0   1.7 62.2
2017354   6.4  -8.5   3.9   0.0   3.0 62.7
2017355   1.0 -13.8   0.8   0.0   5.1 80.6
2017356   8.5 -15.4  -1.2   1.3   2.4 69.7
2017357   4.1 -16.4  -5.3   0.0   2.2 86.1
2017358   9.1 -17.8  -9.3   0.0   2.4 75.5
2017359   4.0 -18.2 -14.3   0.0   2.1 76.2
2017360   6.0 -20.0 -14.0   0.0   1.1 83.1
2017361   5.2 -19.1  -4.3   0.0   3.8 83.8
2017362   7.7 -11.8  -3.4   0.3   1.2 82.0
2017363   6.3 -19.5  -6.6   0.0   3.6 83.3
2017364   5.8 -21.9 -15.7   0.0   1.8 76.5
