001 5.7 -10.7 0.0
002 12.773838481975044 -10.412585190298993 0.20744194252067355
003 33.01928767256211 -13.137460697751948 0.06003818075943182
004 31.01851948126256 30.0 0.02100389472751544
005 30.126319436054942 0.09428434969607344 0.08983723807635284
006 28.35934237794259 -1.652756443573893 0.14326819037776858
007 31.048870532754318 0.8723203936303827 0.10695255432225753
008 34.62466224202055 -2.7594331635773655 0.3660011068271431
009 11.533470729101554 10.5 -0.033376598628140075
010 31.129178612597194 30.1 0.4768729410383753
011 33.78937337691204 32.8 0.6147881637531525
012 38.62397415569766 12.437609398424353 -0.4810473196807523
013 33.00272851650486 15.527620735742975 -0.00493705391354729
014 28.85467086234149 -2.170954100602117 -0.12098202127196458
015 37.34166652280693 13.514914828274485 0.16516921960412095
016 43.21940274786788 42.2 0.39575029502862435
017 36.1041155797133 18.257872365488012 0.19132132012591466
018 46.59819255331253 45.6 0.4352231718461827
019 42.458560431285754 21.733338774815383 0.1934739514296943
020 38.390484441145745 12.235621477409198 0.35100937473475113
021 35.266540458112964 11.407596695001176 0.0207926889718706
022 42.40553246941326 19.524412816707045 -0.1449264197649074
023 43.16154777616344 21.87517119510109 0.13179053391858903
024 45.81576556242714 21.320420345513966 0.025398037706623203
025 41.56653097861416 11.44538710576354 -0.10066284187486887
026 34.46898327989718 10.223917951617059 0.39599549594593497
027 38.427352639953554 25.80882355705451 0.3001692414066433
028 43.79852396891425 17.992361941496195 0.16311123317094234
029 46.00784872748031 20.174918105804398 0.3716829493375903
030 34.209802825499075 12.452441073819461 -0.015443205351339695
031 42.710877568213135 25.20671210735968 0.18865189555841955
032 50.317775029978066 15.373762244628216 -0.12250655896302601
033 42.09319933997016 16.83834816819558 -0.21234231992605593
034 44.95763243417098 11.555395597786008 0.059170127560323055
035 49.99466874883454 13.395142120179743 0.1106515655819515
036 50.94635560207611 24.57778732610448 0.013310851497395762
037 38.41583336152582 25.620334921686922 -0.1622180537881072
038 39.78772034006303 14.209215222328597 0.20381633626042983
039 41.60523221490353 11.97081369350506 0.0941878564827081
040 34.88613639152114 17.77347560067931 0.12871629316457203
041 60.86842440289298 14.50579022325128 0.05117594986947425
042 44.16369362404348 15.09873943481056 -0.057048941695324776
043 51.573600125560276 11.45456447201111 0.11857869667252297
044 56.62001818407297 17.818110124131785 0.3229655913352867
045 36.55227543611081 11.559462491943684 0.2109903400639211
046 48.173149589828505 22.075655804377437 0.0
047 39.78376654886849 20.855537128795778 0.0
048 46.23445483907525 13.359092434346948 0.0
049 58.41899005048298 57.4 0.0
050 47.00648672369785 18.24212652246509 0.0
051 37.34130805785385 21.005679405312026 0.0
052 53.70249454735043 18.692116358294232 0.0
053 49.46984445519934 15.28800141612071 0.0
054 49.36028264221606 12.668359960835101 0.0
055 47.49361173437819 46.5 0.0
056 49.00539590299608 19.324759293293468 0.0
057 40.60552385263996 25.312234200877363 0.0
058 44.9023244227588 17.29340208776515 0.0
059 34.15510852119666 33.2 0.0
060 37.73162259502902 14.757838288991538 0.0
061 53.47487090055588 14.418185516671453 0.0
062 50.15007406837477 20.258424008690344 0.0
063 56.08996308680841 15.967993857829082 0.0
064 40.063306003411284 12.789948606281362 0.0
065 53.26073502918854 52.3 0.0
066 35.96670994369943 22.49054475639306 0.23484284393234733
067 29.604480951453947 28.6 0.08504377995018413
068 42.10685620492152 2.5626621304490325 -0.02133042581822811
069 42.67135255185875 0.7511620962646877 0.22426081206960288
070 41.56297333254301 4.698278746070291 0.6945069262272007
071 56.57074681142126 11.425224561276591 0.27216109835901514
072 31.37374483871288 30.4 -0.18930998968860593
073 37.160547205609106 13.483994332101535 -0.45553954176185174
074 47.13650341230215 14.16935010952512 0.8888589936128793
075 47.05508943652898 20.7776466667777 0.2977289370913099
076 51.31094967557334 15.941781777912293 0.46241838727603923
077 60.32748259698484 14.960904533311982 1.0735468479420098
078 55.94386877042682 12.86904138090037 0.30433539405787685
079 37.76387831556653 18.63452742065068 0.11799691436006736
080 48.414021409760146 18.787053605741324 0.23202669702027703
081 51.44212843132639 25.254595265718827 0.9287557389578778
082 59.112634893840315 26.84345769011463 1.0943048672300553
083 35.072125584794854 23.27408670455212 0.5385468705476906
084 45.22421642344454 19.063661495337072 0.8196138146628027
085 62.124196136895804 28.197303713426624 0.7021973677714837
086 49.30788686607469 32.10995796737125 0.027452691843680196
087 55.24679950802097 25.033467844921756 0.1284328474569224
088 54.31555195828518 21.11472599044888 0.3734883824924731
089 54.55536764763984 25.681327649257064 -0.03095786568926935
090 57.16586949220943 24.095164881688657 0.047814768810544556
091 59.74183915308254 28.133249303047794 0.19375315113094654
092 46.641043248636755 30.883947166803647 0.011686905621647203
093 55.440004814272044 30.957275882979406 -0.18578815771914486
094 50.638482123435175 26.180500480196923 0.14487362461662145
095 60.18892669219351 27.168008412268193 0.16406658429211382
096 56.06101415504701 28.116966087394154 -0.04490840938473295
097 59.75146689225986 27.35173495020292 0.3015575998048904
098 58.045911262198864 30.383080876856024 0.0606204250081859
099 45.39179143429064 31.04302159207995 0.14865410617007027
100 62.86895277073105 26.65503557658905 0.05693396505787625
101 55.13284425658058 30.692839205022572 0.00423234627149377
102 63.00286081587952 32.2684813294147 -0.04268499406160172
103 51.24441723745145 26.166069445980312 0.028784249379037622
104 53.4692409712643 29.67838324068991 0.10710238700629338
105 48.58825060002848 22.66177841379765 0.12495506711855689
106 61.57266481469956 30.514845086285185 0.09621762058614472
107 56.34045637822098 28.38879658266489 0.00269872722912207
108 57.1479446734475 28.122879342954164 0.0009086719396449693
109 56.58058280996234 34.051435344205785 0.0933775508466653
110 63.061568028080266 31.705378015214187 0.0
111 57.86844935252371 24.84827376308836 0.0
112 51.00261629248379 27.344237549461642 0.0
113 63.654266816793466 28.93762597414894 1.0550215695952416
114 71.08108976912803 35.902542338650164 0.15934001730314257
115 71.1375088183559 32.20728652270311 0.4490755816724704
116 62.02731592489003 34.61661543210835 1.9768696549366425
117 59.80729539645671 30.160955862308302 -0.3401897320915227
118 67.40439995824545 40.50138719300804 -0.17874225587783976
119 55.821659370113885 36.760321123296684 -0.9857247277404073
120 79.56523344109101 31.68990283089966 0.5485177355611721
121 80.03129828452347 33.45288881673583 8.33948969062287
122 63.43712092097039 36.44453535846521 1.6025598735737394
123 61.25302257812596 32.511899045424755 1.1525225897699491
124 60.35193375348277 35.140353918298146 5.988801498776944
125 72.67083745358673 40.89615830204928 10.678381751777453
126 67.79870509922807 37.61617312252714 -0.5470663147342174
127 60.18662576069624 42.031650453971054 -6.043941534515174
128 63.80117141133028 42.13597776257853 4.9672864089432895
129 74.50201829401242 38.61415290498193 13.2845596206268
130 65.50499527407926 40.947310616904865 13.727945445739236
131 65.34619152723633 43.736314415216206 4.741076934562813
132 66.32622482861122 41.42707035471536 0.34895169368326684
133 61.28361093015529 44.605240189763094 1.494430460063883
134 60.46487848943784 46.72665726815947 -1.8056797913481644
135 60.802447962357505 44.56838552233627 8.655810384232234
136 85.23963321771659 48.876443705666794 4.258217284061392
137 74.99481534781067 48.53795729792825 11.06389308655994
138 65.84597991292584 49.79401791398761 6.993142929231018
139 65.25131201158857 45.52621508887461 9.582413450162424
140 79.22765294434163 49.636446722801836 9.329387726132351
141 80.91914452524048 43.338292747064536 -0.1134769732770109
142 79.50736816660151 47.28009839938375 2.580794424218314
143 75.84547500541089 43.5056207641024 4.006210591512829
144 76.05706649706912 49.39859625563659 0.9476056504236698
145 65.48494228409541 49.177007731887954 -2.049009564887789
146 74.32002541863784 49.79228971919803 2.890410547875123
147 79.80593252628833 44.12882852363532 0.4515154677309628
148 80.23540412784678 45.93189704134341 0.6501596939771411
149 77.13715974144968 43.16719592127857 -0.7228545333904787
150 66.18422823878028 46.17845032431749 -0.0418522177643299
151 68.31292305624946 43.631699783175264 1.0880168449815086
152 73.21373276804479 44.63481662212212 -0.6371920355751508
153 60.72796000868429 47.25357362474458 0.9467473021945598
154 79.53957187013528 47.65065239139887 1.2474063194943403
155 67.74195225217802 39.25700178803856 -0.08175126985794079
156 70.864264170901 44.522908067180104 -1.5973051186304712
157 80.49157107735053 40.092339118181414 0.5984348714254173
158 66.72959973118274 38.70017450373102 1.72765918871701
159 75.24655963039903 44.36989343703678 3.3363696159533944
160 69.43631389618541 49.19781064781169 3.6850649950395242
161 86.67597297223139 46.97495369940226 2.137882146938793
162 79.76069274449523 46.91842099521173 1.157736539160761
163 71.00586299460993 46.60715721553548 1.2897963921016617
164 79.26812334124848 54.94352171116062 0.7577808231488284
165 95.77382733970371 56.44358170638412 4.22669917727195
166 81.54957367958261 56.217803284622555 -0.8219068610755592
167 81.81012266030585 55.508419760535176 0.12957280686991446
168 78.75637387321537 53.09648451817047 -0.2642914770728807
169 84.66815091097052 51.83226406639752 -0.5551215560193864
170 83.02347140131805 57.15250751167436 1.318277385656883
171 79.91347118088252 67.82745598235731 0.058393788339845876
172 87.78836347052301 60.86980670219175 -1.1832226217052595
173 84.41920980191058 62.37569940620955 -0.11689959381324744
174 87.75256302882512 65.02866473766568 0.8971541893829511
175 87.80012708462552 60.49386175731483 1.1763407128254113
176 77.78043523694663 63.152478425364734 -0.4773867044031531
177 81.41842750025006 67.52851607712871 -0.43527011568698193
178 87.30379678069188 55.3760830215823 0.04106796029244069
179 91.57049079336063 63.403834305059725 0.03386568399430652
180 92.49516652200025 60.5074238219035 0.014034441822978135
181 94.25451105355472 56.69750041492444 0.07141789950906323
182 97.58519763532404 61.504767075945274 0.007354320526660063
183 93.25458631178276 56.74368672772548 -2.039366313424627
184 88.02879694679085 54.719996281061 1.1405275491985674
185 97.10575462012213 52.17865622786391 0.5129156396483694
186 88.58908904344715 63.22326305040428 0.9029370005539326
187 100.78308677121368 99.8 6.572061533051076
188 96.10290462696682 59.862415148797815 7.7210555924959055
189 86.7524142655077 63.67381411780409 8.758621846127324
190 91.4499811917278 65.68468805912723 -1.3280437617922587
191 95.6415701109817 59.635753244676955 0.5287422313115919
192 87.6596146052602 58.707942480393335 -0.2416342825666522
193 84.57657993126455 61.76897872151257 -0.0018224150232604153
194 93.29362289993809 68.04258530898821 -0.888520546446149
195 87.3693397648519 62.29558583825032 3.8619064308106092
196 97.28138425630434 64.64494753965474 6.544301972084876
197 93.3661496545045 63.52676208936838 7.822517422948755
198 92.01331945526454 65.06566836660771 7.31955157034769
199 90.21011091321914 65.65614969712375 5.227941954258452
200 89.21143536013412 63.264508383323545 6.351919084709628
201 84.99072055915568 67.69012108585359 8.035732147155873
202 91.10457816167961 63.387925283172095 4.723577507193706
203 92.50621143252144 63.538017335313796 2.8870809303018374
204 98.44010197322149 63.41477501802495 -0.1993705852964065
205 97.99821301468538 64.14238234165033 6.924506459355952
206 96.50958403366826 60.183331654736875 0.6994601716959701
207 97.01388956706506 65.38674495757064 3.8213110504891
208 93.3033412199688 68.28093959545055 1.4840362652676713
209 85.06764325528182 62.66043402878109 4.40795076212283
210 90.2049481801611 60.81989992770388 4.336253114796388
211 85.71298968707544 62.247270262360274 -5.547588098725397
212 99.58964281012112 60.006794812688554 7.787018183439684
213 86.36224429723936 61.87862911518275 4.411851117004183
214 92.70331005335662 61.172764132090684 -1.5212982326108384
215 89.1251516385171 60.44551546083835 -2.2333672532093716
216 90.52158454144136 63.7541601437176 7.138511268053788
217 92.97431790117012 61.018742332420764 0.908034682367411
218 88.21801041933902 63.90306145094057 2.37512130562154
219 91.46618995310752 63.07710894505937 6.837674191163522
220 84.57130113637179 60.11589389030623 1.3804743115445917
221 94.82064029327648 61.42304477481585 2.3126552819873694
222 89.43500764575663 62.36509842263424 1.4923737504959824
223 83.43310521390092 62.811130281756796 4.086359074896189
224 83.854296188043 62.854986748672616 3.9226928062154354
225 82.95598028001103 61.01341159764778 0.3211782837342889
226 82.83375000487592 62.385212284768116 -1.2431499581689387
227 88.93409147468164 61.28996154803738 4.571191688222285
228 93.597666548882 61.37350997327159 0.22213813498572
229 85.73308471791077 62.18795943935175 1.0166859280721963
230 96.24817076130127 58.57969573788292 0.5278846720782984
231 93.88684794474479 63.897195708799835 1.7742386712116278
232 86.0445147812555 57.96163933502755 3.2626090624128476
233 85.4783676747393 57.327112716810596 -0.1814350351427284
234 99.34260779002523 59.18305427986682 2.3408803315964333
235 79.36509784020382 65.40596446424144 0.8998492339770747
236 83.05677085645812 62.06496837086309 0.9534986855250092
237 90.86162578338191 59.594954784303425 0.34773285903921713
238 88.23854379219392 56.29920820065745 -0.3558122315618283
239 88.12304138750699 58.826439377793285 1.47304268034445
240 96.54534868967234 62.01799908101689 0.7962405923997506
241 83.41809385225545 58.57528416882639 1.7716403660326128
242 88.51418769322699 59.76266311085028 -0.6042606460064405
243 87.74950198168459 58.94316709586851 -0.4242717673798553
244 92.50865737682825 62.387999671666456 -0.24844100066699393
245 89.5466848132008 62.13785643644052 1.6302349402477723
246 91.42219679346522 57.23097270256132 -0.5649620165272995
247 83.02793791205109 54.49220041387585 0.17508447922149928
248 88.34177529749157 57.941176632233216 0.08363884509304953
249 88.64492573141074 57.789262491251314 -0.1548165572795055
250 95.40788599606397 57.164198883228345 -0.07308814779724492
251 95.0468478009767 53.931527707489806 0.13971972796103385
252 91.2788120961805 52.05187483357118 -0.03294467866166931
253 86.39883337724034 60.81421845104392 0.9457745025621714
254 92.44405885371458 55.69636846244858 0.049604923241510335
255 84.83055929831835 51.46587129966257 -0.25478217296786143
256 83.71414085255998 55.117045250905356 0.03907229618249253
257 88.01251147262724 62.08914446009031 -0.2563461651336635
258 86.94492766681628 53.6210947133449 0.15986808871558
259 91.899937058838 52.693518207182606 -2.5043054874013633
260 87.47647549720382 47.34721333723512 0.8786144095744615
261 85.54900359175612 54.463071509510854 0.15523268442875438
262 87.45139303593011 55.761208602008 1.2743365153611224
263 81.56816906847783 51.036633138758155 -0.3275228395315217
264 87.76260729145402 51.94149667791201 2.392331692140032
265 84.52678727931995 49.02199432270485 -1.580299649910835
266 84.64734698383141 59.278669518923024 1.0418398372833286
267 85.56534070666721 58.08561569368199 -0.7194882878401332
268 83.68310052768946 49.88252325380433 0.32620775540004354
269 82.13502214746941 54.33096038304378 0.14754001906281844
270 76.96354049458297 49.91795260337391 2.3584070923705722
271 89.82525269826893 55.692551253043526 1.2555577089074337
272 81.13093371555773 52.432916747753715 4.2289277095695414
273 83.73342386408471 50.167770898193474 -0.21413268369061833
274 80.52549334823321 49.89094430341621 0.05391741335076883
275 81.98554671092528 49.28401160859841 1.8784275548573612
276 86.30884867068717 52.438999119045924 1.8089698225536064
277 78.20834566166943 52.50404087969983 -0.6967954854308143
278 80.53962732917579 53.28896457922443 -1.040377439325786
279 72.30216842327373 46.587583447802395 0.5947113039319138
280 71.46785219533645 46.24135322821116 -0.4527649666286696
281 86.14660067660387 46.96744873273537 2.209416645435897
282 63.05247244699259 46.59386006255467 0.9221001686297787
283 72.72710968215793 42.79391586013135 0.46252396789908895
284 75.66120884802679 41.0212387228898 -0.11829608180666595
285 85.51373601388974 36.85760707691568 -0.09030939530194604
286 88.18370297152501 41.8671429300315 0.9655251129231103
287 74.57919257607875 43.01905129749529 1.8463409351216933
288 73.21123123981037 35.344364945232826 0.5184431533551552
289 72.57705067078946 34.289148833139805 0.47092971448648124
290 64.54180006156349 45.401846046758834 1.4994711830842888
291 79.14766800282624 46.957181782692906 1.8382596606982282
292 71.46130568629788 33.94482818288195 -0.3489008154391413
293 66.84106821402978 33.71006170027569 0.012120881279879314
294 70.97578663379855 32.185603874021886 0.7129550748641551
295 64.66572015421086 29.007326303684895 1.736909637859625
296 69.4074606051133 34.939173400596786 1.3863230587289797
297 64.378397859831 37.537987352810276 -0.32344183093535206
298 72.55089951355946 35.65278677856404 -0.0724831993790031
299 61.95096079845592 34.243742930486334 0.4911381692666456
300 57.03937725499674 31.04528362583058 0.012045888508471403
301 74.46224830378011 34.02676139578698 -0.03415244634239675
302 66.13936945858393 33.23907878018509 0.04357171368607381
303 70.55622659913071 41.613105930416104 0.013127726067106249
304 59.71875426439329 36.114333494622585 0.006474409871520943
305 56.457380448525775 30.564030774611382 0.03108634107826814
306 66.83956094560182 41.7460194821577 0.02652136624910898
307 65.67979052216411 31.238387114298554 0.022311612044860846
308 53.5721051583411 35.06461013947656 0.5686025968358159
309 63.46097264986498 30.161189126068777 0.842057139116034
310 58.685584307551736 28.864604147390118 0.6066380965133602
311 57.11877760649026 33.60771976348914 -0.5308750492835143
312 72.00885836969061 32.797711445765444 0.4183622196506611
313 66.16692681610144 30.407657851983878 0.8569463296712623
314 60.527227766629586 29.95768534128413 -0.1787894310310431
315 61.61987698233956 31.32036795833787 -0.09819445408011951
316 48.83761350166671 24.25937527430166 0.08795514449622502
317 45.159122457848305 45.15679154457164 0.6227441794598148
318 45.792462259519354 18.762666068991187 1.0967056933714676
319 54.588762867128914 19.998686116051704 -0.31598238743527224
320 56.933886910474314 26.602903921732835 1.3449164226521446
321 54.22239601837628 23.677978740979363 -0.15617865545241405
322 50.6522925590683 28.95537805285541 -0.21961288957674535
323 48.78442707834732 29.98315039260877 -0.03437635693993263
324 50.37217428729709 33.62729208834116 -0.2982083260480823
325 48.84399818538225 18.058793156896762 0.7642880665368224
326 40.0272267928359 21.274756054751332 0.5058359975446571
327 43.903984719817636 24.028360416516104 0.8348304866666642
328 38.00993571935129 14.22459604638961 0.0
329 46.14816023655162 22.841263853572595 0.0
330 50.03792081692545 20.464920943991206 0.0
331 46.33078579870135 14.986943061161591 0.0
332 47.89386079832003 20.8226338921946 0.0
333 36.176665415568806 17.717475629704495 0.0
334 37.879248464688416 14.734779853144575 -0.013298885155691886
335 37.59402514363667 12.3544847416845 -0.01791618073984603
336 39.44947014145036 17.91853849496252 0.015566622471892187
337 45.90802510237174 17.809856267578592 -0.09236043017537285
338 43.8849759080124 10.177067294927074 0.014484422458124653
339 42.34428100941787 41.3 -0.0037546427946037256
340 39.0604363629933 19.58089284245917 0.10779917355103308
341 45.630395304484736 10.619689623794434 0.03646846372560503
342 54.13509788246476 16.57062365702677 0.07360548847046533
343 44.97331790930905 18.34352017047555 -0.10164338279753106
344 48.66823621949162 14.314980167312347 0.04777810279067846
345 41.87055998931746 18.26927112715788 0.012582479737701116
346 54.701780549406514 12.653405659181388 0.07808569299653692
347 46.37337062031679 19.437303206083616 0.2094421033905846
348 42.39512575403253 23.513633131497862 1.2643568583806692
349 35.25659232684759 21.67013037870546 0.029149577721386377
350 48.07881883132804 14.01112075838317 0.212103050303324
351 32.727678554496904 15.3598239522984 1.116804830608388
352 42.867973547950804 10.621966452035032 -0.32057911417621643
353 34.15047184059874 18.601667982059464 -0.7747988470041248
354 29.94468028637527 12.453660403337281 1.1981335546627323
355 36.612928140289256 35.6 0.3027874609051624
356 24.9049349296041 23.9 1.0669151426167447
357 28.04273266805495 27.0 1.423666045096286
358 30.49070729553178 11.725006207210349 0.5770892944718402
359 28.524219158615878 27.5 2.302531168580807
360 27.796176998844857 26.8 1.685744454925909
361 31.408289999458685 -3.8827645926877583 1.3292984826463867
362 26.316044867203406 25.3 1.4122172870519012
363 35.75362567183123 24.475968189648103 -0.14981327668821237
364 22.070736728528185 21.1 0.3966790620470821
365 28.56937379529232 16.190027798574302 0.43254562218563697
