001 6.0 -11.0 0.0
002 13.0 -10.0 -0.0
003 21.0 -3.0 0.0
004 33.0 1.0 0.0
005 24.0 23.0 0.0
006 32.0 -5.0 0.0
007 29.0 -1.0 0.0
008 30.0 1.0 0.0
009 35.0 34.0 0.0
010 42.0 1.0 -0.0
011 34.0 3.0 -0.0
012 32.0 10.0 -0.0
013 36.0 -3.0 1.0
014 42.0 3.0 0.0
015 31.0 13.0 -0.0
016 34.0 33.0 0.0
017 35.0 12.0 0.0
018 35.0 34.0 0.0
019 36.0 16.0 0.0
020 29.0 28.0 0.0
021 39.0 17.0 -0.0
022 36.0 25.0 -0.0
023 35.0 14.0 -0.0
024 42.0 1.0 0.0
025 50.0 14.0 0.0
026 33.0 17.0 1.0
027 39.0 21.0 0.0
028 41.0 21.0 -0.0
029 49.0 19.0 0.0
030 38.0 16.0 0.0
031 47.0 21.0 0.0
032 48.0 23.0 0.0
033 47.0 20.0 -0.0
034 43.0 10.0 0.0
035 40.0 13.0 0.0
036 50.0 16.0 -0.0
037 34.0 14.0 -0.0
038 38.0 37.0 0.0
039 45.0 44.0 0.0
040 40.0 15.0 -0.0
041 49.0 20.0 0.0
042 54.0 19.0 -0.0
043 44.0 21.0 -0.0
044 55.0 17.0 0.0
045 41.0 24.0 0.0
046 49.0 11.0 0.0
047 44.0 21.0 0.0
048 41.0 22.0 0.0
049 38.0 12.0 0.0
050 50.0 23.0 0.0
051 49.0 19.0 0.0
052 51.0 11.0 0.0
053 46.0 45.0 0.0
054 41.0 15.0 0.0
055 44.0 43.0 0.0
056 49.0 11.0 0.0
057 49.0 22.0 0.0
058 45.0 44.0 0.0
059 41.0 24.0 0.0
060 46.0 16.0 0.0
061 54.0 17.0 0.0
062 40.0 26.0 0.0
063 59.0 2.0 0.0
064 44.0 10.0 0.0
065 49.0 16.0 0.0
066 55.0 54.0 -0.0
067 53.0 19.0 -1.0
068 32.0 31.0 -0.0
069 33.0 26.0 0.0
070 45.0 4.0 0.0
071 52.0 10.0 0.0
072 40.0 3.0 0.0
073 21.0 20.0 1.0
074 47.0 15.0 -1.0
075 43.0 28.0 0.0
076 48.0 24.0 0.0
077 48.0 25.0 1.0
078 34.0 23.0 0.0
079 55.0 23.0 -0.0
080 45.0 20.0 1.0
081 45.0 23.0 0.0
082 41.0 25.0 -0.0
083 42.0 11.0 0.0
084 38.0 18.0 1.0
085 50.0 20.0 0.0
086 53.0 22.0 -0.0
087 61.0 19.0 -0.0
088 57.0 24.0 0.0
089 63.0 23.0 -0.0
090 57.0 23.0 -0.0
091 56.0 29.0 0.0
092 52.0 31.0 0.0
093 51.0 27.0 -0.0
094 57.0 23.0 0.0
095 56.0 29.0 -0.0
096 62.0 25.0 0.0
097 54.0 30.0 0.0
098 54.0 28.0 0.0
099 57.0 30.0 0.0
100 57.0 29.0 0.0
101 60.0 27.0 0.0
102 57.0 27.0 0.0
103 61.0 28.0 0.0
104 51.0 25.0 0.0
105 56.0 24.0 0.0
106 50.0 32.0 0.0
107 60.0 27.0 -0.0
108 55.0 33.0 0.0
109 55.0 30.0 0.0
110 53.0 32.0 0.0
111 54.0 32.0 0.0
112 64.0 33.0 0.0
113 59.0 34.0 1.0
114 72.0 34.0 -0.0
115 68.0 45.0 1.0
116 53.0 31.0 -1.0
117 57.0 44.0 1.0
118 64.0 25.0 -1.0
119 72.0 41.0 -1.0
120 66.0 34.0 2.0
121 73.0 36.0 -0.0
122 58.0 35.0 6.0
123 52.0 35.0 4.0
124 69.0 41.0 5.0
125 54.0 42.0 4.0
126 72.0 40.0 -1.0
127 55.0 41.0 6.0
128 70.0 38.0 11.0
129 69.0 38.0 8.0
130 63.0 45.0 3.0
131 54.0 47.0 6.0
132 76.0 40.0 4.0
133 62.0 40.0 3.0
134 78.0 37.0 6.0
135 67.0 43.0 0.0
136 75.0 46.0 -5.0
137 62.0 47.0 4.0
138 76.0 48.0 5.0
139 75.0 40.0 6.0
140 73.0 43.0 17.0
141 71.0 51.0 -0.0
142 77.0 46.0 2.0
143 76.0 45.0 2.0
144 72.0 50.0 1.0
145 73.0 49.0 2.0
146 81.0 45.0 1.0
147 65.0 50.0 -0.0
148 80.0 43.0 0.0
149 80.0 45.0 2.0
150 85.0 43.0 -1.0
151 71.0 47.0 -1.0
152 78.0 41.0 1.0
153 65.0 46.0 1.0
154 74.0 42.0 -1.0
155 70.0 42.0 0.0
156 67.0 47.0 2.0
157 72.0 45.0 -1.0
158 71.0 42.0 0.0
159 76.0 49.0 3.0
160 83.0 48.0 1.0
161 84.0 50.0 4.0
162 71.0 49.0 0.0
163 78.0 57.0 4.0
164 73.0 56.0 2.0
165 75.0 61.0 3.0
166 80.0 64.0 2.0
167 92.0 61.0 0.0
168 69.0 53.0 -1.0
169 89.0 67.0 1.0
170 84.0 56.0 2.0
171 79.0 65.0 2.0
172 96.0 62.0 2.0
173 94.0 59.0 1.0
174 90.0 61.0 4.0
175 90.0 66.0 -1.0
176 92.0 63.0 1.0
177 88.0 65.0 0.0
178 81.0 56.0 -0.0
179 84.0 71.0 -0.0
180 96.0 59.0 -0.0
181 98.0 65.0 -0.0
182 93.0 62.0 0.0
183 95.0 62.0 1.0
184 90.0 69.0 -1.0
185 87.0 60.0 -4.0
186 89.0 62.0 6.0
187 93.0 69.0 4.0
188 100.0 99.0 8.0
189 85.0 65.0 1.0
190 83.0 63.0 -1.0
191 95.0 63.0 -3.0
192 90.0 71.0 -6.0
193 94.0 65.0 4.0
194 89.0 63.0 4.0
195 86.0 62.0 -1.0
196 98.0 62.0 4.0
197 95.0 65.0 11.0
198 92.0 69.0 5.0
199 97.0 68.0 -1.0
200 91.0 64.0 4.0
201 91.0 60.0 6.0
202 94.0 68.0 0.0
203 97.0 65.0 6.0
204 94.0 64.0 9.0
205 86.0 65.0 6.0
206 91.0 66.0 4.0
207 92.0 63.0 -1.0
208 86.0 63.0 3.0
209 97.0 69.0 4.0
210 85.0 64.0 1.0
211 92.0 63.0 1.0
212 83.0 66.0 1.0
213 95.0 61.0 3.0
214 92.0 65.0 -0.0
215 98.0 61.0 5.0
216 86.0 65.0 2.0
217 86.0 63.0 -5.0
218 92.0 61.0 1.0
219 90.0 65.0 2.0
220 89.0 63.0 -0.0
221 87.0 62.0 4.0
222 95.0 62.0 2.0
223 89.0 64.0 -1.0
224 88.0 65.0 6.0
225 83.0 67.0 2.0
226 93.0 62.0 5.0
227 93.0 62.0 1.0
228 84.0 63.0 0.0
229 95.0 66.0 2.0
230 85.0 61.0 3.0
231 88.0 67.0 -1.0
232 92.0 64.0 2.0
233 96.0 56.0 1.0
234 93.0 61.0 0.0
235 96.0 63.0 2.0
236 88.0 63.0 -0.0
237 89.0 61.0 2.0
238 86.0 57.0 1.0
239 85.0 57.0 1.0
240 94.0 59.0 1.0
241 93.0 58.0 0.0
242 88.0 65.0 0.0
243 88.0 57.0 1.0
244 84.0 66.0 3.0
245 88.0 57.0 2.0
246 90.0 58.0 -0.0
247 94.0 55.0 0.0
248 91.0 55.0 -0.0
249 93.0 54.0 0.0
250 93.0 57.0 -0.0
251 89.0 55.0 0.0
252 92.0 58.0 0.0
253 89.0 54.0 0.0
254 92.0 58.0 -0.0
255 99.0 57.0 0.0
256 93.0 57.0 1.0
257 92.0 50.0 -0.0
258 86.0 54.0 0.0
259 95.0 51.0 0.0
260 86.0 53.0 4.0
261 85.0 51.0 1.0
262 85.0 49.0 2.0
263 89.0 56.0 0.0
264 81.0 54.0 1.0
265 71.0 55.0 2.0
266 75.0 49.0 2.0
267 86.0 51.0 1.0
268 89.0 47.0 3.0
269 82.0 47.0 1.0
270 80.0 57.0 -3.0
271 79.0 48.0 3.0
272 79.0 51.0 -2.0
273 85.0 49.0 1.0
274 80.0 51.0 2.0
275 86.0 48.0 1.0
276 80.0 55.0 0.0
277 80.0 53.0 4.0
278 78.0 54.0 -1.0
279 85.0 48.0 -0.0
280 76.0 48.0 0.0
281 69.0 49.0 2.0
282 66.0 43.0 2.0
283 67.0 44.0 0.0
284 69.0 46.0 2.0
285 68.0 37.0 1.0
286 74.0 46.0 1.0
287 68.0 42.0 1.0
288 71.0 39.0 3.0
289 70.0 39.0 -1.0
290 68.0 35.0 1.0
291 61.0 38.0 2.0
292 65.0 40.0 2.0
293 70.0 40.0 -1.0
294 60.0 30.0 1.0
295 71.0 39.0 0.0
296 60.0 32.0 -1.0
297 66.0 42.0 0.0
298 66.0 36.0 0.0
299 68.0 31.0 0.0
300 66.0 35.0 0.0
301 67.0 26.0 0.0
302 68.0 31.0 0.0
303 56.0 36.0 0.0
304 70.0 33.0 0.0
305 59.0 31.0 -0.0
306 66.0 25.0 -0.0
307 68.0 36.0 0.0
308 72.0 40.0 -1.0
309 71.0 27.0 0.0
310 64.0 21.0 0.0
311 68.0 35.0 -0.0
312 60.0 34.0 1.0
313 65.0 36.0 1.0
314 75.0 30.0 -1.0
315 55.0 27.0 0.0
316 59.0 29.0 1.0
317 57.0 32.0 0.0
318 57.0 26.0 -0.0
319 63.0 33.0 1.0
320 61.0 20.0 -0.0
321 51.0 32.0 -0.0
322 51.0 15.0 1.0
323 49.0 25.0 1.0
324 48.0 15.0 1.0
325 47.0 19.0 1.0
326 45.0 22.0 0.0
327 52.0 51.0 0.0
328 48.0 14.0 0.0
329 42.0 20.0 0.0
330 47.0 25.0 0.0
331 34.0 15.0 0.0
332 44.0 22.0 0.0
333 46.0 13.0 0.0
334 49.0 48.0 -0.0
335 35.0 13.0 -0.0
336 42.0 18.0 0.0
337 52.0 12.0 0.0
338 45.0 13.0 -0.0
339 47.0 10.0 0.0
340 42.0 14.0 0.0
341 53.0 12.0 -0.0
342 49.0 16.0 0.0
343 53.0 22.0 0.0
344 46.0 18.0 -0.0
345 50.0 14.0 -0.0
346 46.0 14.0 0.0
347 45.0 20.0 0.0
348 45.0 19.0 -0.0
349 43.0 17.0 2.0
350 39.0 19.0 0.0
351 41.0 16.0 2.0
352 40.0 12.0 0.0
353 39.0 11.0 -1.0
354 38.0 16.0 2.0
355 48.0 19.0 1.0
356 37.0 36.0 -1.0
357 29.0 12.0 2.0
358 44.0 43.0 0.0
359 30.0 14.0 0.0
360 38.0 13.0 -0.0
361 26.0 25.0 1.0
362 44.0 13.0 0.0
363 25.0 24.0 -0.0
364 32.0 14.0 1.0
365 24.0 23.0 1.0
