001 6.0 -11.0 0.0
002 19.0 -10.0 0.0
003 36.0 -4.0 0.0
004 46.0 1.0 0.0
005 38.0 -2.0 0.0
006 32.0 31.0 0.0
007 11.0 1.0 0.0
008 22.0 2.0 -0.0
009 27.0 26.0 0.0
010 18.0 -12.0 -0.0
011 36.0 3.0 -0.0
012 20.0 15.0 0.0
013 30.0 29.0 1.0
014 48.0 2.0 0.0
015 41.0 40.0 0.0
016 22.0 15.0 0.0
017 31.0 11.0 0.0
018 22.0 -1.0 -0.0
019 36.0 18.0 0.0
020 37.0 17.0 0.0
021 46.0 19.0 0.0
022 20.0 15.0 0.0
023 35.0 24.0 -0.0
024 31.0 11.0 -0.0
025 54.0 11.0 0.0
026 47.0 18.0 0.0
027 41.0 18.0 0.0
028 39.0 17.0 0.0
029 44.0 17.0 0.0
030 46.0 18.0 0.0
031 32.0 19.0 -0.0
032 48.0 23.0 1.0
033 47.0 17.0 0.0
034 43.0 18.0 0.0
035 35.0 11.0 -0.0
036 48.0 17.0 0.0
037 37.0 13.0 -0.0
038 38.0 15.0 0.0
039 44.0 16.0 0.0
040 43.0 12.0 0.0
041 54.0 24.0 -0.0
042 42.0 22.0 0.0
043 39.0 17.0 0.0
044 43.0 14.0 0.0
045 47.0 15.0 0.0
046 39.0 19.0 0.0
047 52.0 12.0 0.0
048 45.0 22.0 0.0
049 36.0 17.0 0.0
050 54.0 23.0 0.0
051 64.0 18.0 0.0
052 45.0 14.0 0.0
053 41.0 40.0 0.0
054 49.0 20.0 0.0
055 32.0 17.0 0.0
056 36.0 13.0 0.0
057 46.0 14.0 0.0
058 34.0 33.0 0.0
059 38.0 12.0 0.0
060 45.0 14.0 0.0
061 33.0 15.0 0.0
062 34.0 15.0 0.0
063 57.0 18.0 0.0
064 53.0 20.0 0.0
065 40.0 21.0 0.0
066 64.0 12.0 0.0
067 41.0 1.0 0.0
068 40.0 19.0 1.0
069 50.0 10.0 0.0
070 46.0 27.0 0.0
071 19.0 19.0 0.0
072 23.0 20.0 1.0
073 20.0 15.0 -0.0
074 48.0 18.0 0.0
075 41.0 12.0 0.0
076 45.0 44.0 1.0
077 57.0 23.0 1.0
078 41.0 16.0 -0.0
079 61.0 17.0 0.0
080 51.0 21.0 0.0
081 46.0 24.0 1.0
082 21.0 20.0 0.0
083 45.0 17.0 0.0
084 47.0 25.0 1.0
085 62.0 26.0 -0.0
086 57.0 20.0 1.0
087 53.0 25.0 0.0
088 43.0 24.0 0.0
089 59.0 24.0 -0.0
090 60.0 27.0 -0.0
091 56.0 25.0 0.0
092 59.0 27.0 0.0
093 56.0 31.0 -0.0
094 53.0 27.0 0.0
095 51.0 23.0 -0.0
096 51.0 30.0 0.0
097 51.0 30.0 0.0
098 55.0 33.0 0.0
099 59.0 31.0 0.0
100 54.0 31.0 0.0
101 58.0 34.0 0.0
102 54.0 28.0 -0.0
103 48.0 29.0 0.0
104 61.0 28.0 0.0
105 67.0 24.0 -0.0
106 59.0 27.0 0.0
107 52.0 28.0 -0.0
108 56.0 24.0 0.0
109 57.0 24.0 0.0
110 56.0 28.0 0.0
111 55.0 30.0 0.0
112 54.0 27.0 0.0
113 49.0 30.0 0.0
114 59.0 30.0 0.0
115 67.0 26.0 1.0
116 65.0 26.0 0.0
117 66.0 33.0 0.0
118 65.0 35.0 1.0
119 73.0 29.0 2.0
120 68.0 37.0 -1.0
121 59.0 34.0 -3.0
122 58.0 39.0 9.0
123 71.0 28.0 1.0
124 68.0 42.0 14.0
125 64.0 37.0 11.0
126 65.0 39.0 3.0
127 75.0 39.0 12.0
128 65.0 42.0 2.0
129 68.0 44.0 9.0
130 68.0 41.0 9.0
131 73.0 43.0 8.0
132 71.0 39.0 5.0
133 68.0 47.0 4.0
134 70.0 36.0 9.0
135 70.0 36.0 10.0
136 73.0 38.0 -2.0
137 69.0 48.0 7.0
138 74.0 43.0 10.0
139 76.0 43.0 16.0
140 61.0 53.0 8.0
141 76.0 44.0 -4.0
142 68.0 38.0 2.0
143 78.0 45.0 3.0
144 77.0 47.0 1.0
145 78.0 41.0 4.0
146 76.0 55.0 2.0
147 68.0 44.0 1.0
148 62.0 42.0 1.0
149 69.0 46.0 -0.0
150 69.0 48.0 2.0
151 81.0 41.0 0.0
152 78.0 51.0 1.0
153 79.0 42.0 1.0
154 73.0 48.0 2.0
155 74.0 45.0 -0.0
156 69.0 46.0 1.0
157 63.0 48.0 -1.0
158 86.0 47.0 2.0
159 70.0 47.0 0.0
160 71.0 49.0 3.0
161 79.0 45.0 5.0
162 69.0 51.0 0.0
163 77.0 50.0 4.0
164 76.0 55.0 0.0
165 81.0 55.0 0.0
166 83.0 51.0 0.0
167 80.0 51.0 3.0
168 81.0 63.0 2.0
169 82.0 60.0 2.0
170 86.0 56.0 -2.0
171 88.0 49.0 2.0
172 89.0 55.0 -0.0
173 86.0 66.0 1.0
174 88.0 65.0 0.0
175 90.0 58.0 1.0
176 95.0 67.0 2.0
177 96.0 59.0 1.0
178 87.0 59.0 -0.0
179 95.0 60.0 0.0
180 91.0 64.0 0.0
181 89.0 62.0 0.0
182 86.0 60.0 0.0
183 98.0 68.0 3.0
184 91.0 63.0 8.0
185 91.0 60.0 3.0
186 93.0 63.0 5.0
187 91.0 65.0 0.0
188 94.0 63.0 2.0
189 92.0 64.0 2.0
190 81.0 67.0 3.0
191 90.0 63.0 -2.0
192 92.0 60.0 4.0
193 91.0 65.0 -5.0
194 93.0 63.0 -4.0
195 94.0 65.0 1.0
196 98.0 67.0 4.0
197 89.0 66.0 4.0
198 95.0 67.0 6.0
199 85.0 63.0 2.0
200 91.0 63.0 8.0
201 93.0 63.0 7.0
202 100.0 99.0 8.0
203 92.0 66.0 6.0
204 94.0 70.0 -2.0
205 93.0 70.0 4.0
206 91.0 67.0 3.0
207 92.0 64.0 3.0
208 91.0 66.0 0.0
209 86.0 62.0 3.0
210 97.0 63.0 0.0
211 91.0 63.0 3.0
212 85.0 62.0 6.0
213 92.0 66.0 9.0
214 90.0 62.0 7.0
215 90.0 62.0 -2.0
216 94.0 67.0 3.0
217 89.0 68.0 1.0
218 85.0 63.0 4.0
219 92.0 65.0 -2.0
220 84.0 63.0 0.0
221 91.0 63.0 2.0
222 86.0 65.0 5.0
223 93.0 65.0 6.0
224 92.0 66.0 -1.0
225 86.0 61.0 5.0
226 92.0 66.0 6.0
227 93.0 61.0 -1.0
228 88.0 64.0 -0.0
229 80.0 61.0 -2.0
230 84.0 63.0 -2.0
231 88.0 65.0 2.0
232 87.0 63.0 -1.0
233 78.0 61.0 1.0
234 82.0 65.0 1.0
235 82.0 56.0 -1.0
236 90.0 56.0 -1.0
237 97.0 57.0 1.0
238 89.0 64.0 -0.0
239 93.0 61.0 2.0
240 87.0 58.0 1.0
241 87.0 63.0 2.0
242 93.0 59.0 -0.0
243 89.0 58.0 0.0
244 93.0 58.0 -1.0
245 88.0 55.0 -1.0
246 92.0 55.0 -0.0
247 86.0 53.0 -0.0
248 90.0 53.0 0.0
249 89.0 60.0 0.0
250 89.0 56.0 -0.0
251 91.0 57.0 -0.0
252 86.0 57.0 0.0
253 100.0 99.0 -0.0
254 93.0 50.0 1.0
255 86.0 59.0 1.0
256 88.0 53.0 1.0
257 94.0 53.0 1.0
258 92.0 51.0 0.0
259 88.0 52.0 3.0
260 89.0 51.0 6.0
261 87.0 57.0 1.0
262 86.0 50.0 -0.0
263 95.0 54.0 1.0
264 77.0 49.0 1.0
265 82.0 49.0 4.0
266 84.0 48.0 1.0
267 79.0 47.0 -2.0
268 84.0 53.0 1.0
269 77.0 43.0 -1.0
270 80.0 54.0 1.0
271 86.0 52.0 0.0
272 77.0 53.0 0.0
273 79.0 56.0 2.0
274 88.0 53.0 1.0
275 79.0 48.0 3.0
276 76.0 54.0 3.0
277 72.0 57.0 2.0
278 83.0 47.0 -3.0
279 86.0 55.0 -1.0
280 57.0 53.0 0.0
281 82.0 49.0 -0.0
282 71.0 43.0 2.0
283 78.0 47.0 1.0
284 73.0 39.0 1.0
285 77.0 39.0 1.0
286 86.0 48.0 1.0
287 63.0 43.0 1.0
288 70.0 43.0 0.0
289 70.0 43.0 1.0
290 73.0 42.0 0.0
291 62.0 42.0 1.0
292 72.0 32.0 1.0
293 79.0 44.0 -1.0
294 72.0 32.0 -1.0
295 72.0 35.0 1.0
296 71.0 36.0 1.0
297 72.0 35.0 0.0
298 72.0 29.0 -0.0
299 64.0 34.0 0.0
300 70.0 32.0 0.0
301 81.0 38.0 -0.0
302 60.0 33.0 -0.0
303 64.0 35.0 -0.0
304 77.0 32.0 -0.0
305 81.0 23.0 -0.0
306 71.0 31.0 0.0
307 71.0 33.0 0.0
308 59.0 35.0 -0.0
309 67.0 38.0 1.0
310 55.0 34.0 1.0
311 63.0 34.0 0.0
312 71.0 38.0 -0.0
313 56.0 25.0 1.0
314 64.0 32.0 1.0
315 58.0 35.0 -0.0
316 59.0 26.0 1.0
317 50.0 24.0 0.0
318 40.0 28.0 -0.0
319 53.0 23.0 -0.0
320 64.0 18.0 1.0
321 54.0 20.0 1.0
322 50.0 21.0 -0.0
323 64.0 17.0 -0.0
324 28.0 28.0 0.0
325 50.0 18.0 1.0
326 37.0 15.0 0.0
327 56.0 15.0 0.0
328 52.0 19.0 0.0
329 41.0 14.0 0.0
330 56.0 14.0 0.0
331 52.0 17.0 0.0
332 43.0 20.0 0.0
333 50.0 10.0 0.0
334 53.0 52.0 0.0
335 42.0 17.0 -0.0
336 36.0 15.0 -0.0
337 47.0 14.0 0.0
338 47.0 17.0 0.0
339 49.0 11.0 0.0
340 47.0 12.0 0.0
341 41.0 14.0 0.0
342 54.0 10.0 0.0
343 43.0 13.0 0.0
344 43.0 12.0 0.0
345 53.0 52.0 -0.0
346 50.0 20.0 -0.0
347 48.0 15.0 1.0
348 45.0 18.0 1.0
349 36.0 15.0 -0.0
350 31.0 16.0 0.0
351 32.0 21.0 1.0
352 44.0 13.0 -1.0
353 27.0 17.0 1.0
354 42.0 25.0 -1.0
355 41.0 4.0 1.0
356 29.0 14.0 1.0
357 40.0 24.0 1.0
358 42.0 -3.0 2.0
359 25.0 20.0 1.0
360 27.0 16.0 0.0
361 20.0 19.0 1.0
362 32.0 19.0 0.0
363 28.0 15.0 -1.0
364 29.0 15.0 -1.0
365 22.0 2.0 2.0
