001 5.7 -10.7 0.0
002 16.728525335523784 -9.899614237645327 0.2479148381619868
003 34.25071505655323 -3.914171041580305 0.17029257908724094
004 57.15527068208638 -1.5648698978435096 0.12314627777779313
005 31.67696630040239 30.7 0.008951063956193155
006 6.908477981207032 5.9 0.13930130050173517
007 22.512759980512627 -1.2850509110868105 0.09840625620926813
008 21.21658568296302 -4.140227878385849 0.47650059249969806
009 34.81330978210058 3.5552902469849466 -0.18002107034713177
010 29.294225332035538 -5.160142045546893 -0.021365258758146544
011 33.92608942573318 32.9 0.45319740666183944
012 40.94546927386145 -1.8659386659998285 0.21523012486384782
013 25.325973026229036 -5.002755534914359 -0.3768773499350309
014 24.70039483294611 16.672961803193544 0.3134592845108307
015 58.72961128043896 57.7 0.3516206818247149
016 39.22625806744463 38.2 0.06880635466435767
017 15.755192418410779 14.8 0.30924293067317066
018 44.87871331757659 17.059363698021876 -0.2706323997640228
019 35.89414931735314 20.36076393999445 0.460166701021768
020 36.76998662376759 14.02810448177414 -0.28173170414418774
021 35.77113033715999 10.217959305349538 0.07233715303025864
022 48.69515968488895 14.2077094020468 -0.2013161220852605
023 27.635321229665262 26.6 0.11739783369300592
024 37.84668314948096 19.628174253460976 0.4585102820584514
025 38.38148661652727 14.075757202927603 -0.12829476634865705
026 37.09594125763236 12.128625676163596 0.5386881582902242
027 47.58570352883172 13.854587493033744 0.023795594322871233
028 41.061712305755 21.679814102778955 -0.04846994659026582
029 41.87019765679557 27.47471137852058 0.27161494610176207
030 47.069956619247016 15.576951687242959 0.04574861302553671
031 45.60767169027761 14.818375852145255 0.4319952061132112
032 56.489182605083386 17.793617371969358 0.13590084192565483
033 39.4121893231142 17.577075487186047 -0.3379183134436249
034 30.273788447207764 20.913240027045557 0.3348952696157445
035 37.5934222033489 18.947802140598125 0.021034150535267276
036 45.171141827269324 10.588566564469371 0.15533905028900877
037 37.91149564419038 10.347251349948536 -0.049678482416746605
038 44.14187246863314 14.876140155446137 0.06690649892232158
039 36.63046567983279 12.018659521444714 0.1362843571801172
040 36.83164943284844 19.982576143320994 0.053424935889968383
041 31.481690672315327 12.078280885410685 0.2221667607905498
042 50.36809962838389 20.701375001027802 0.19570960729700343
043 44.81167734459294 20.42004539344881 -0.009511171141689409
044 40.315444124693556 19.554858989690505 -0.1038171531369627
045 43.556949868108134 14.69090093585964 0.10543283141885519
046 50.731805433172305 21.3844669938549 0.0
047 47.48038856157263 46.5 0.0
048 36.40054916671446 17.997821112082132 0.0
049 35.09619280971595 16.61350357514226 0.0
050 41.529770019978855 19.457879701301092 0.0
051 51.53649463099558 23.241838833753235 0.0
052 54.050811745523106 18.203605848810344 0.0
053 48.016761852418036 19.50667288381473 0.0
054 56.6490647260605 26.528950777159388 0.0
055 51.439774124307526 25.457249263413757 0.0
056 44.49031181622526 19.330702240012037 0.0
057 34.21290462200968 21.78200591814369 0.0
058 50.63701621008972 0.8501900488166036 0.0
059 44.703334246417356 43.7 0.0
060 61.99884318554091 16.746288939682355 0.0
061 47.77034305525416 46.8 0.0
062 45.68933084568291 20.677397722008703 0.0
063 49.152014863310995 18.438739662563655 0.0
064 45.357368453714855 21.140192666410897 0.0
065 39.43794307565174 19.265607370109617 0.0
066 37.111655007291155 15.737150781156263 0.14667796639778552
067 32.83751077622726 1.44644550849954 0.35813296791730653
068 58.844138922582054 17.365087401036515 0.4147148752749232
069 31.507191096952923 30.5 0.1426986005617122
070 27.226699586863056 25.22137077801343 0.07737912522755827
071 33.355650011514 -1.3073939394311545 0.5768238995567416
072 38.613657616418834 10.814757376763387 0.19737297136820559
073 40.83957617858383 17.443219276467165 -0.13021443749620035
074 52.18960187044952 15.711995857771221 -0.21567694163515197
075 40.2968257971641 16.848339920037276 0.17744800083605625
076 56.66652907523275 15.834085020922016 -0.3882562818739743
077 50.82684235082172 13.557109151350058 0.12655340108340918
078 38.921367068280595 27.47499680829117 0.41448591804227153
079 51.76492944789586 19.025631897429967 -0.46513737855025217
080 58.17993301170712 21.918778377237935 0.3074395160345569
081 51.94455382212183 16.11587975725647 -0.013291839250624105
082 55.51207977615158 23.006913452369474 0.6991582330320858
083 62.05590881415867 24.30010324224969 0.3767512899383245
084 49.9718400655666 22.855255114084816 0.16490912826353826
085 56.98276228942542 24.837102478174277 0.6046062576617532
086 44.13900017514092 21.903818466377636 0.30794747463727007
087 45.48855102442733 25.651733312501925 -0.08345231999363018
088 51.884134770476756 29.658396923575115 0.2116752222463118
089 60.48526482549014 30.22684125744366 0.08450109176088036
090 57.16560509793439 23.230238002974712 -0.07483899266739133
091 58.07034017810081 24.511630157827774 -0.09150014143358698
092 54.810117500470895 28.620821740316035 -0.05310047116376446
093 49.13410120955003 27.473896715834197 0.09270714890756702
094 53.61611479020944 26.871396975634806 0.07678038649426847
095 54.873614670760205 23.940853256436704 0.3183912788327076
096 47.60028298304557 27.724040486435673 0.26193927377593973
097 48.9060133469844 31.791429575774917 0.30116109152753734
098 57.80124140565945 29.963421592667093 0.1373391345936314
099 49.927261730237944 29.23801633146577 0.1354724686444262
100 52.73510220565525 29.678527806845747 0.12307949744465141
101 57.26713258421383 26.38833888268173 0.00825844834645454
102 61.72132521129683 29.863931015037263 0.013255633968077095
103 50.91977194557505 33.36105483122972 0.04417580017854719
104 60.319262927217395 31.71339682534159 -0.06600283747656979
105 58.09519347434188 30.548944695209247 0.06920462607903251
106 56.07225813618856 26.206684511176327 0.11090742202675902
107 54.04776085887277 27.773589143347213 -0.0033488971368419197
108 47.69035235466799 25.388006977912905 0.004421503145855633
109 62.330624318290205 26.349263535819215 -0.004708994454030568
110 49.92465789383141 27.421506407817105 0.0
111 62.14209929580561 35.33270443738361 0.0
112 70.04136828050196 31.090048323934727 0.0
113 58.97104972562614 35.91708720106851 -0.8936527869666792
114 58.835523674379246 30.713045925564046 0.40779695015239875
115 61.41921538826344 35.649643372975646 0.07409053113652297
116 69.96378700594177 26.426342963681027 -0.6755537031499289
117 71.3419424480194 32.079863569217785 0.21923492286080443
118 64.03550138236342 41.20121174875554 1.0400271870306086
119 63.87065254519458 26.08471275157847 -3.559135392341381
120 65.09532519939093 31.219047431196877 0.8475698304992731
121 55.77705624242884 32.89196976081771 2.706069792068003
122 73.5152015943254 33.300116933414735 4.583295639762783
123 65.12081626725218 44.23129999005754 6.196619189837369
124 63.01758337474635 35.759474521777925 -1.3600148634693925
125 60.26654491158264 40.827516657862105 2.433379033636431
126 73.49794827941005 36.822342462411775 12.528420532038592
127 59.475817164959054 33.575178466654265 3.035581902708041
128 55.366431101807194 45.52807149508392 -2.2550786498345543
129 48.934899494587256 47.9 11.52682401274916
130 74.31788009691503 34.30567829064118 1.3935852776972424
131 83.97545539807749 41.462964706044 3.8695307219643738
132 69.38911873372771 44.20844514646035 -2.5219089639637478
133 70.14073461647956 38.42111970210483 5.050832904013386
134 68.4704485711594 36.13682002381145 6.553655228160752
135 65.48879842554722 46.15001461028495 10.048789812011666
136 73.4304074108668 38.859052492959954 0.4801916187461881
137 73.91331930325182 42.28289638229812 0.7935565834970988
138 72.53995651217677 43.48066623221126 8.66296391470036
139 74.11963372571125 47.24856596938887 -1.27304340509062
140 69.22506451359048 46.21344797662228 1.8754208207580547
141 68.63499347055134 48.02256599847207 -4.063622348792906
142 69.50049844663504 49.07220795377366 -0.2646614194152641
143 68.04604950627628 49.59587418520095 3.679673645895717
144 76.28983810708586 45.20674672515854 2.244845610115538
145 72.54539291772625 47.34308505254208 3.534972260702995
146 73.66579203862642 43.299462342886024 1.7537930937914714
147 82.32643287100605 45.08494797691446 0.9352421605413358
148 80.9494186630902 43.83818312166639 2.9630157306890563
149 69.72191806594682 51.4959171171122 -0.5647634915861576
150 64.14563037825198 39.740048539860396 2.0663372110844156
151 73.79377217416587 51.904550989006836 -1.7976800211258213
152 64.54023473274717 43.55308217308106 0.057670806516622486
153 78.87261097180418 49.84447580594734 -2.4250503975207347
154 78.01327650356137 51.082563750869 1.3135373706635727
155 66.7044298066026 54.00559426583834 1.1353267265215776
156 80.23351313730005 47.55373866889457 0.44557921771234443
157 80.25192559574757 53.52715581998086 1.4287449927497031
158 59.3834283263304 44.09195937949068 2.3322209812581782
159 68.5569969777264 43.48648719424701 -1.8998597241000836
160 78.15161323833686 45.81213475042426 0.9602730885339251
161 79.17081766018228 48.43591550893106 0.285814580739463
162 81.44831705333968 49.43103887293195 1.110963422220085
163 68.13758818674765 47.729759991107315 0.05157804973606939
164 76.5444876159054 53.60326502041797 -1.2272218642246955
165 77.88815684831835 52.69304592299041 -0.21226056992533937
166 71.01404389319964 50.01724878080974 0.33778587421692075
167 81.9727984309127 57.52781833982992 -0.8167613032982673
168 79.39540922887299 62.41613187847565 -0.781020797153615
169 89.11225859124688 54.88305506791794 -1.0032402797022688
170 80.90554320813327 52.00835579348298 -1.2186998048671907
171 88.32784004043694 59.1366531981713 0.15869998793629403
172 90.18255539928667 58.16495209586238 0.17696322569579598
173 84.7780312739077 66.00063253593324 -0.6273362818673662
174 81.42725430944132 60.194361980675865 1.5294442433508026
175 94.01226828222013 59.11355274872008 0.07489869394437243
176 90.95093452612649 60.40556154174708 -0.18791628840028984
177 88.1745136182434 64.34097592679599 0.3756911948543086
178 87.89704130415252 56.68012984055757 -0.02132670978082657
179 101.81531149916272 100.8 0.09078557691725063
180 87.89822638228902 70.94430914107988 0.04895932811911083
181 84.9331527782953 66.30150886650372 0.03002470898896048
182 92.71035825607784 58.419382140684675 0.051753679012712425
183 93.60076597028475 56.900730179306244 4.075372261441284
184 91.07292975985126 62.47081913372311 -0.46389094507620854
185 98.21173938628917 65.73733691394679 2.6926039551103336
186 95.77172775500924 66.68631422703922 7.926874448350934
187 89.3753771361156 66.90902175040007 11.909909395497152
188 90.00571148464827 61.34021203395851 2.6946262209869323
189 93.0890697870596 56.56279137530294 0.29702189321584926
190 89.85674883776583 61.94231063976277 4.913303105009274
191 91.51605885210577 68.28001041624172 8.812750894635233
192 85.49542940081272 63.33819316049687 -4.323254425024634
193 88.24216121999495 63.018205329919155 -0.9581983973168233
194 91.68208429764339 63.82105128980672 6.9706499718809365
195 100.34821686911508 99.3 8.84758396424425
196 89.11959152638164 57.80473836257442 3.371401159062323
197 97.87004232497088 62.73414666521357 5.867839524758425
198 90.3164867071495 60.51557184986235 8.23296171055872
199 91.67479319755515 67.92540765261636 -1.04263872777846
200 88.2903763253742 62.4415734640668 3.541001476799319
201 96.54186146722155 61.59449801227152 2.0480636971827177
202 91.23175248590698 63.415549744705956 2.73647336312595
203 91.2568881785322 66.11037903925792 4.262617749767476
204 96.29565538299039 65.82646586033997 2.729090465668686
205 89.86615165991516 68.06732873500864 5.200652127908651
206 92.75115911997399 66.02341860953622 0.4076070706347492
207 97.36099471672625 62.622993603250784 2.2861846699011235
208 90.72729698524577 66.06634219803115 6.342681810875931
209 91.42738118266335 66.37679197085343 3.722018959264675
210 90.26108759431528 64.64396317100369 3.956266276419675
211 92.56239721279533 62.70782010782605 -0.6605287547534813
212 95.75422629946999 62.03753625537045 -4.895538511040937
213 90.95099251171855 62.41161795653675 6.040869764443844
214 91.66489777743057 62.51556873298524 2.586648543426744
215 96.94620365105129 65.18741036760458 1.0279504691843244
216 92.36335860513555 62.68801682255033 6.137829248957012
217 94.13192312085823 64.66640979721481 8.00513356766521
218 91.82306009066765 64.11065204037622 3.837125354952601
219 87.23398354938415 66.3828149854141 5.913680651397003
220 88.54209731558176 60.33745988800079 1.9513476846340145
221 87.77928442163225 64.73433934724686 1.218277474038696
222 89.51477797927879 61.87242511704627 -3.3796326587971977
223 84.96855071537388 54.30131414274942 -0.8735924020159955
224 90.48775695348951 64.38083198895355 6.435726620126532
225 84.66630172398887 61.919367666917076 -2.4569288879289117
226 89.89688454698404 59.92407002749565 5.176868759966272
227 92.92979198796297 60.813877836534985 -2.229890496685218
228 94.88722383723143 58.1800361353302 1.8791005627326098
229 86.38941514809167 62.86386714275665 1.2898088225344901
230 82.81296453445056 63.5823315134848 1.6541412203413088
231 88.66531792166032 64.88046446801867 0.5540837987354907
232 83.4458164892724 63.47840975735107 0.7547380052390763
233 84.40197972519717 66.33838585612042 -0.656054270775976
234 84.05580834401474 61.893810144015305 0.5160208560317447
235 86.84116489990471 65.49790871777259 2.7221724323314644
236 88.69535241439354 57.87663121754921 1.3142941652698295
237 87.73298270712586 60.59931410549932 0.11259065068390073
238 90.18361992224378 56.32714816897142 0.5025108511052332
239 87.60934390477999 63.73825341590215 2.546412716511221
240 92.27216984918421 61.279596689587734 0.5519482598751106
241 91.20068973833261 60.666898845141276 -2.0182956927540956
242 91.60480342516591 62.43541488874871 -1.2663690091457491
243 90.53708182411518 57.526422180165596 -0.09077040003822312
244 90.3979501173963 59.93616673486708 1.6416470458193508
245 90.76163123920549 62.17671776758501 0.15440679899611331
246 92.1361748677384 61.50335441459037 0.5939519813953344
247 90.49884308185985 56.75082594297638 -0.23825632617455847
248 92.77149321691186 61.039021549421555 -0.12360035272197901
249 87.61223407649848 56.20648104458315 0.014781972952577271
250 90.86401408073708 55.110759377464646 0.06574653988615728
251 90.416547742257 57.058957446190625 0.1428208135822861
252 93.43755123341866 57.52510742410838 0.35025668814955413
253 89.29664438130186 55.93750063144449 0.26766603739453343
254 90.7872843833342 54.5757278034582 0.2137991241078862
255 85.27876116179887 48.48145540493005 0.35957177105002197
256 82.47550329354904 48.977006011616666 0.2281437949866245
257 90.18486230727932 54.7940425787996 0.30700655989279374
258 90.30863218939552 50.39601185422363 0.17036799812756576
259 85.22017559492721 47.238553862702105 0.944129659844041
260 82.6416396715653 53.28820210038454 7.2363748859005845
261 90.6385386021937 52.88022696159707 -1.739461970804411
262 95.27620733325496 54.94290746672574 -0.38622897059269645
263 90.52528814885076 50.525040305867286 -0.11487919631013788
264 92.60740920964798 50.279993869683864 -0.5358732637617427
265 79.98893611781554 46.3586193966196 1.7089677971051231
266 86.81399850848805 54.38547115827473 -0.1129483630662782
267 60.686613392127995 50.880275887635406 -0.0648233506306235
268 78.5337037237602 52.080025931663855 -0.23054579141551423
269 63.55022280427976 46.0729553176923 -0.02632905450144163
270 89.04162200053838 53.433130979925146 1.4591572517404654
271 74.90262873574179 43.72857173860888 4.085153041444805
272 72.82329950886704 49.58697633618503 3.7803610285531914
273 80.14465038736293 50.0573695464797 4.34951832982604
274 80.63010713847626 48.59478622998668 -0.17429940266624344
275 89.90370752023487 47.97454091336348 -3.694841072387881
276 78.14396780181772 51.60012749899803 0.24057681914311102
277 79.3938030935889 48.82510717260385 1.8188928553283756
278 79.1390594156212 51.31382108157825 -0.5907283419746683
279 75.81468496637375 45.89382602348897 0.9156747372669727
280 69.95575293737227 47.30506535820829 1.9602193397896919
281 81.5271608693048 50.09329348587883 1.3516414695446408
282 63.51673094799115 49.02750681901121 0.6853784907637476
283 68.01863108559323 45.959359679622075 1.2049912284816655
284 78.46078074842039 42.225947212356566 2.087625687354501
285 69.20021914402969 44.16092562329157 0.9525754550261566
286 74.55793784706191 46.292509735857124 0.975859102342662
287 70.04263159890888 43.81443250764441 0.48317784501757255
288 64.2060066344904 37.6334118343393 0.33720904132046997
289 70.16615631052538 38.73473109787063 2.1515331654640635
290 74.79177429089053 38.95364458343058 -0.5351803510976263
291 72.68121851265592 32.74864738999739 0.023899962419959397
292 71.33174741294707 40.14319837823212 -0.2941600997837859
293 59.475788478241775 30.671830408495726 0.7356896891816816
294 65.76438342574313 33.287956437248795 0.8030478755075173
295 65.84463301546297 36.618184606582396 1.2810073733809406
296 74.06646236968164 32.64682834518411 0.01904434726044124
297 58.6982345898374 36.46859393685365 0.2759449186814595
298 58.94867710434891 33.46036873859367 -0.7294095680541867
299 68.96678962338682 39.945377346894034 1.8554716734316123
300 64.45119835599186 31.3063158643865 0.035602138986471576
301 72.30193128674075 31.330386820010858 -0.03204422276226458
302 63.758892639066424 27.574181294760653 -0.010514175434813464
303 62.09341496714554 26.157413930321813 -0.012623508156561755
304 67.56975091752366 27.302222710759334 0.021582450872161263
305 71.28779444624242 29.450193811267724 -0.016326844672400635
306 71.68506772688912 29.315341110055428 0.0006831195364178817
307 64.26575038381223 29.29825595499483 -0.08482787293118936
308 58.74503173067748 28.246767159956413 0.29224585006934334
309 66.53367210674632 31.053717525515083 -0.21164837481174847
310 56.2267901655305 31.578556245964087 1.7607078672246548
311 56.36591077455374 36.32113495792822 0.2401755336500675
312 62.7964348191753 29.891236937300228 -0.3003886492031714
313 69.04683956150778 39.37168508701819 0.1594794995867086
314 63.30695949948674 36.817927954708566 -0.07975287699147232
315 64.36889714308808 33.21422539295621 -0.3773846983456553
316 56.91524188122937 28.16722838619736 0.43834264582227056
317 54.0660071138546 21.475087099628915 0.15569812784369283
318 62.687486731533454 26.35837643365792 -0.7509875249319002
319 53.55642415921181 29.4517010517649 0.7765853942429763
320 58.704896317463195 31.893468590772983 0.1303943856804384
321 57.42869315222686 26.012037706265957 0.04663866546963777
322 53.947587556845 29.539666823582692 1.580865975568315
323 44.25838838048886 30.93826400708163 0.185658917891109
324 47.978360155821065 29.45387081900644 0.3828929788891354
325 50.02074772214864 10.493817082507665 0.31043089005533875
326 51.591334733839965 50.6 0.0526383520933264
327 46.69522582612286 24.485977732576515 0.4275033230284436
328 44.06340768151164 22.977129418217334 0.0
329 47.532291774177374 23.27704194138745 0.0
330 45.82749230136888 24.62404687496354 0.0
331 48.66028153844882 19.858619235401726 0.0
332 40.78275193991507 13.868805305426177 0.0
333 41.22984677780705 15.640696025429675 0.0
334 55.249433169227444 20.418015531467816 0.011479018566177918
335 47.0024032021476 18.350499303499216 -0.0534829092620546
336 38.98046531762327 13.246982137963652 0.020039773402938832
337 42.78822953176996 13.323904230016636 -0.0219438857396953
338 49.50793199818743 14.07216416095053 -0.0018662968787062223
339 36.968393111294084 14.378384133214889 0.0993465785186709
340 42.05701156841781 11.288029045883718 0.15740960815141591
341 43.92163862206849 12.946174275697416 0.07231050593487037
342 52.38793910056545 15.875267621412076 0.1287103291215737
343 44.49493367656008 18.913509164627378 0.006287744207638182
344 46.20394486480787 17.36800321355846 0.11012320750257758
345 48.71456543456758 19.91283618760403 0.0037305052247658815
346 40.50693624671407 16.150263485677144 -0.10414474424195032
347 45.87234653416656 17.4506656327438 -0.48011743108847627
348 38.005791143732004 20.45322039894318 0.22612939903032814
349 44.73725038148202 19.72899226597088 0.4337674135626436
350 45.91414929410095 22.120048295014463 -0.01006004067043842
351 37.63665760411247 21.230375818445086 -0.12065430374580244
352 33.734099797953 15.60806543349922 -0.49384455239556335
353 44.313869911525046 14.373694382112427 -0.28866171532033125
354 42.32980729330251 15.485895524175891 0.17633183716133427
355 26.377646802627645 11.053738907906762 0.40965175742747273
356 34.77670241129249 10.501932603718164 -0.10623940317399488
357 22.651971529412066 10.772438698699803 -0.25828593854632925
358 25.376408278078834 -0.6157352641540292 0.5762971791683699
359 21.34246139363026 20.3 1.6168485438156162
360 41.99984556613992 41.0 0.9351223595610405
361 16.78741366891678 15.8 0.7287245510836362
362 24.092217873728178 14.51566932276998 1.8563744978670458
363 25.478252538655447 24.5 -0.7728300925664178
364 24.011890133717486 23.0 1.7931318127613431
365 27.813218494144614 20.993858723493023 1.4315812439662403
