001 5.7 -10.7 0.0
002 15.3 -10.2 0.13
003 25.5 -5.6 0.06
004 39.2 38.2 0.1
005 36.8 -5.2 0.15
006 28.5 1.6 0.13
007 22.6 2.7 0.03
008 13.0 -3.3 0.46
009 23.6 1.5 0.31
010 24.6 23.6 0.81
011 56.0 5.7 0.02
012 17.4 -1.0 0.04
013 33.2 10.1 0.13
014 28.2 10.4 0.69
015 41.9 2.7 0.34
016 21.7 21.5 0.51
017 45.5 11.8 0.19
018 33.4 32.4 0.11
019 40.0 13.8 0.07
020 27.3 11.7 0.28
021 33.5 10.4 0.1
022 32.5 10.2 0.23
023 33.5 29.0 0.13
024 37.9 17.7 0.05
025 51.4 20.8 0.09
026 46.7 17.7 0.37
027 49.4 16.7 0.45
028 43.7 15.0 0.07
029 40.0 15.3 0.12
030 47.0 16.8 0.29
031 53.2 18.1 0.24
032 40.2 18.8 0.05
033 41.3 17.4 0.13
034 42.9 21.3 0.29
035 44.7 20.8 0.25
036 44.2 43.2 0.24
037 54.1 15.1 0.07
038 29.1 22.4 0.16
039 41.8 23.9 0.09
040 43.9 15.4 0.24
041 48.1 17.7 0.23
042 49.1 22.2 0.32
043 49.4 15.6 0.07
044 38.5 15.4 0.12
045 45.2 13.2 0.17
046 50.0 17.9 0.0
047 48.6 12.6 0.0
048 45.8 14.8 0.0
049 45.5 20.3 0.0
050 40.3 19.8 0.0
051 51.0 25.4 0.0
052 42.1 23.1 0.0
053 47.0 16.9 0.0
054 42.9 11.7 0.0
055 48.8 20.3 0.0
056 45.6 44.6 0.0
057 46.6 4.8 0.0
058 43.5 42.5 0.0
059 44.5 11.2 0.0
060 40.3 39.3 0.0
061 48.7 27.1 0.0
062 43.0 23.9 0.0
063 50.4 16.4 0.0
064 38.3 37.3 0.0
065 40.2 13.0 0.0
066 39.0 18.8 0.6
067 39.8 10.3 0.2
068 17.8 12.3 0.27
069 43.8 12.3 0.05
070 35.4 12.3 0.17
071 54.6 13.5 0.44
072 34.0 11.5 0.08
073 39.8 38.8 0.01
074 50.8 18.1 0.38
075 44.8 12.8 0.93
076 58.3 21.1 0.73
077 31.8 21.7 0.25
078 41.1 18.3 0.02
079 57.7 27.7 0.35
080 59.3 25.4 0.1
081 57.2 25.2 0.91
082 58.4 15.8 0.05
083 51.7 17.0 0.11
084 54.4 29.4 0.14
085 51.0 19.7 0.91
086 56.4 23.1 0.15
087 57.6 21.7 0.13
088 46.8 29.8 0.31
089 56.9 24.3 0.11
090 58.9 26.7 0.13
091 54.0 29.0 0.09
092 58.1 25.4 0.09
093 53.2 30.0 0.22
094 50.9 25.7 0.07
095 53.7 30.6 0.15
096 55.7 25.8 0.06
097 58.2 30.5 0.09
098 55.0 31.0 0.19
099 53.8 32.7 0.09
100 53.4 28.8 0.12
101 52.6 29.6 0.05
102 54.3 31.6 0.1
103 55.7 25.0 0.07
104 57.0 29.0 0.12
105 49.0 34.5 0.08
106 65.7 29.2 0.06
107 62.3 27.7 0.01
108 52.1 25.8 0.05
109 57.1 30.1 0.05
110 60.1 27.9 0.0
111 60.7 25.4 0.0
112 61.5 31.6 0.0
113 52.5 42.2 0.94
114 60.5 38.6 0.83
115 53.6 26.4 0.55
116 46.9 32.7 0.87
117 74.3 37.1 0.13
118 67.4 28.6 0.11
119 60.9 39.0 1.89
120 59.2 35.0 2.72
121 78.4 35.0 3.25
122 48.4 33.8 5.23
123 60.7 38.3 12.04
124 63.6 37.9 1.42
125 63.3 37.7 13.5
126 65.2 30.6 5.73
127 66.3 41.1 8.92
128 59.2 38.5 2.89
129 73.6 43.3 2.33
130 67.9 40.0 5.8
131 68.2 40.1 2.73
132 69.1 39.2 0.13
133 71.0 45.3 2.2
134 76.6 43.2 5.1
135 70.5 44.5 3.97
136 67.1 37.9 0.52
137 61.8 43.8 6.32
138 67.3 42.6 5.78
139 68.1 48.4 0.7
140 74.5 47.2 2.97
141 75.7 46.8 2.09
142 64.9 46.1 0.13
143 65.9 44.0 2.19
144 73.4 42.4 3.86
145 73.7 47.7 2.79
146 58.5 48.8 0.27
147 77.2 49.6 1.12
148 75.4 58.6 0.4
149 74.7 38.6 0.59
150 71.5 43.2 0.75
151 77.0 42.5 0.12
152 68.4 45.0 0.54
153 76.7 40.1 0.21
154 82.6 50.1 1.75
155 79.2 47.2 1.1
156 84.7 43.8 0.17
157 71.3 52.0 1.68
158 70.8 52.0 1.51
159 78.4 44.0 1.98
160 68.9 40.3 2.79
161 71.9 45.1 2.41
162 75.5 49.0 4.02
163 73.7 51.7 2.03
164 84.6 47.7 0.38
165 78.1 51.1 1.06
166 84.5 51.5 0.14
167 89.4 52.9 1.62
168 87.2 57.8 0.38
169 90.4 54.7 0.91
170 80.0 59.5 0.42
171 79.9 58.6 0.7
172 79.8 49.7 1.22
173 84.4 54.8 2.19
174 87.6 67.6 0.72
175 92.4 63.3 0.23
176 85.1 59.1 1.26
177 89.5 61.9 0.47
178 88.6 64.6 0.07
179 86.1 57.7 0.04
180 96.8 59.6 0.06
181 95.4 65.8 0.01
182 94.3 59.7 0.04
183 91.5 65.5 2.61
184 86.8 65.2 1.82
185 93.2 60.4 2.43
186 94.5 59.2 3.33
187 90.8 66.2 6.83
188 90.5 58.9 6.06
189 80.1 66.7 12.08
190 83.4 68.3 10.97
191 92.9 63.7 5.72
192 96.6 61.7 7.94
193 96.0 69.2 0.03
194 90.5 65.7 0.43
195 92.8 64.8 10.04
196 86.6 59.8 0.33
197 89.6 68.4 1.06
198 95.6 64.5 4.56
199 90.7 66.2 5.62
200 96.6 62.0 4.06
201 90.4 63.9 4.0
202 93.0 61.7 9.86
203 93.2 61.9 7.69
204 94.3 67.2 0.79
205 91.9 65.0 2.8
206 91.1 65.9 0.23
207 89.9 68.6 4.29
208 83.1 60.7 2.35
209 94.6 62.9 2.23
210 90.8 69.0 1.35
211 93.3 64.2 2.72
212 83.5 67.6 2.34
213 88.3 67.6 0.82
214 97.0 63.2 1.73
215 88.9 66.2 0.78
216 89.7 63.5 3.35
217 91.9 65.3 4.85
218 85.1 62.7 1.75
219 95.0 65.7 0.46
220 84.2 65.4 5.9
221 91.3 62.8 1.97
222 86.7 59.6 1.01
223 83.4 62.0 1.92
224 94.5 64.1 2.6
225 87.5 61.2 1.57
226 84.5 61.4 2.99
227 98.4 62.0 3.9
228 95.5 64.3 0.52
229 89.2 63.8 1.38
230 90.7 65.3 1.02
231 84.5 66.5 0.03
232 90.3 60.6 0.83
233 91.3 61.5 1.26
234 80.4 53.5 0.94
235 90.6 53.0 1.63
236 81.5 62.2 1.72
237 84.8 58.8 0.46
238 94.9 60.1 0.13
239 85.9 59.1 0.96
240 88.0 63.2 1.05
241 88.4 59.1 0.84
242 86.8 61.4 0.24
243 92.5 59.4 1.12
244 87.3 58.3 1.66
245 88.0 54.0 1.81
246 87.3 53.2 0.35
247 85.3 59.8 0.05
248 93.6 57.3 0.25
249 91.5 56.7 0.03
250 89.4 58.0 0.11
251 90.2 61.9 0.01
252 87.0 56.0 0.19
253 88.5 59.2 0.13
254 83.8 55.7 0.47
255 98.2 64.6 0.06
256 88.1 52.1 0.59
257 89.0 46.8 0.72
258 78.9 47.5 0.62
259 92.8 53.3 3.73
260 92.7 48.6 1.2
261 86.2 48.0 1.37
262 84.0 64.7 0.82
263 94.0 51.6 0.72
264 90.3 55.9 0.81
265 89.6 54.3 1.11
266 78.7 47.9 2.62
267 83.3 50.6 0.96
268 71.7 50.4 4.47
269 80.6 55.4 0.31
270 83.5 52.4 1.38
271 73.0 47.5 1.61
272 77.8 53.9 0.58
273 81.4 52.0 1.11
274 82.0 49.9 0.89
275 81.5 53.0 1.47
276 80.3 61.2 1.3
277 75.1 52.0 2.38
278 80.1 46.9 1.84
279 83.0 43.7 0.54
280 80.2 44.1 0.92
281 72.1 40.9 1.34
282 73.4 38.3 0.7
283 71.8 49.3 0.24
284 78.4 43.5 0.92
285 75.3 46.7 1.46
286 68.8 42.0 0.73
287 75.2 39.2 4.0
288 75.8 45.2 2.41
289 71.3 37.6 0.2
290 73.5 33.9 1.02
291 79.2 44.1 1.68
292 71.1 45.9 0.92
293 65.7 41.9 0.64
294 66.4 38.7 0.88
295 79.6 40.1 1.84
296 67.7 41.0 0.39
297 73.5 36.5 0.71
298 70.6 27.2 0.15
299 68.3 28.6 0.39
300 66.6 38.7 0.02
301 64.7 41.6 0.02
302 72.4 30.4 0.03
303 70.4 36.1 0.06
304 57.8 36.0 0.05
305 60.5 31.3 0.05
306 69.4 29.7 0.04
307 74.3 31.6 0.15
308 71.0 34.2 0.58
309 63.8 25.7 0.04
310 61.2 38.5 0.05
311 60.0 32.0 0.23
312 72.2 31.2 0.44
313 58.6 43.5 0.63
314 55.5 34.5 0.05
315 47.3 25.9 0.11
316 62.4 14.9 0.29
317 60.0 22.4 0.58
318 56.8 32.7 0.58
319 57.3 26.3 0.2
320 45.3 32.4 1.4
321 46.7 23.7 0.15
322 41.9 40.9 0.28
323 55.1 15.7 0.11
324 54.5 11.5 0.5
325 36.8 21.1 1.01
326 45.7 18.2 1.09
327 35.2 23.3 0.56
328 53.6 22.3 0.0
329 61.0 17.7 0.0
330 46.9 11.6 0.0
331 46.7 13.5 0.0
332 47.3 12.6 0.0
333 48.7 11.6 0.0
334 46.3 15.5 0.02
335 47.7 13.8 0.07
336 37.6 17.7 0.05
337 40.0 17.8 0.14
338 44.0 14.5 0.02
339 49.8 16.2 0.07
340 43.8 17.9 0.15
341 40.2 16.3 0.05
342 51.9 21.7 0.14
343 48.8 18.8 0.08
344 41.4 17.5 0.19
345 44.0 22.3 0.01
346 46.8 19.2 0.3
347 45.1 19.2 1.0
348 54.2 16.5 0.38
349 44.5 15.0 0.17
350 41.4 16.2 0.06
351 34.5 33.5 0.27
352 39.0 11.3 2.08
353 45.3 16.0 0.08
354 47.2 17.0 1.47
355 25.6 13.2 0.74
356 23.2 22.7 0.47
357 33.7 10.6 2.18
358 46.0 4.0 1.27
359 33.0 -10.0 2.19
360 33.3 10.8 0.18
361 44.0 2.2 0.51
362 41.2 0.9 0.47
363 25.4 24.4 0.08
364 46.6 -2.7 1.29
365 33.4 32.9 0.43
