001 5.7 -10.7 0.0
002 21.7 -10.3 0.22
003 33.4 -4.9 0.03
004 18.0 12.6 0.0
005 18.9 17.9 0.04
006 6.9 -3.9 0.05
007 30.5 0.5 0.0
008 26.5 25.5 0.86
009 37.6 1.2 0.35
010 21.7 2.2 0.06
011 27.3 -1.1 0.09
012 30.2 17.2 0.17
013 27.9 -4.3 0.23
014 43.1 19.7 0.2
015 47.8 15.0 0.02
016 38.9 10.5 0.53
017 42.1 16.5 0.39
018 35.2 14.7 0.16
019 35.3 16.2 0.1
020 33.4 3.7 0.48
021 36.7 22.3 0.14
022 44.3 21.0 0.04
023 32.3 31.3 0.11
024 39.8 17.5 0.2
025 34.0 33.0 0.45
026 40.0 20.2 0.35
027 39.5 20.9 0.14
028 43.0 17.1 0.44
029 45.8 21.3 0.1
030 41.7 22.0 0.12
031 42.2 12.9 0.32
032 48.4 22.5 0.22
033 38.6 12.9 0.31
034 38.7 19.4 0.14
035 43.7 17.2 0.36
036 50.9 24.2 0.03
037 42.1 41.1 0.06
038 43.4 10.4 0.15
039 45.1 16.3 0.02
040 42.1 18.9 0.06
041 55.3 13.9 0.17
042 44.7 17.5 0.24
043 34.2 16.3 0.17
044 47.0 21.4 0.07
045 50.6 13.0 0.18
046 45.7 14.7 0.0
047 41.7 17.7 0.0
048 39.6 13.8 0.0
049 50.3 23.2 0.0
050 52.1 16.3 0.0
051 47.7 17.0 0.0
052 54.0 18.0 0.0
053 46.0 20.9 0.0
054 43.5 16.0 0.0
055 36.0 15.7 0.0
056 34.8 13.1 0.0
057 42.6 15.4 0.0
058 29.5 13.7 0.0
059 55.6 4.9 0.0
060 36.1 35.1 0.0
061 46.9 31.6 0.0
062 55.5 17.6 0.0
063 46.4 45.4 0.0
064 44.9 19.5 0.0
065 41.3 21.0 0.0
066 43.1 42.1 0.52
067 46.4 17.7 0.05
068 37.4 20.7 0.07
069 32.8 21.1 0.0
070 47.0 26.7 0.27
071 24.7 16.1 0.37
072 29.5 24.9 0.54
073 28.1 12.9 0.24
074 43.8 24.0 0.07
075 40.4 20.9 0.27
076 35.0 24.2 0.1
077 33.9 21.7 0.93
078 36.6 20.4 0.18
079 27.0 17.2 0.06
080 45.3 19.4 0.18
081 49.4 14.1 0.14
082 46.2 23.9 0.01
083 59.0 18.1 0.24
084 58.9 29.2 0.23
085 49.8 27.0 0.05
086 48.1 25.5 0.2
087 61.6 15.7 0.09
088 44.8 32.2 0.52
089 52.4 20.7 0.08
090 69.9 22.6 0.12
091 53.0 28.0 0.1
092 60.5 30.9 0.44
093 60.6 31.8 0.15
094 53.9 27.4 0.23
095 52.0 28.9 0.04
096 63.6 26.2 0.11
097 58.7 33.0 0.27
098 51.0 32.4 0.58
099 54.7 30.7 0.29
100 51.8 29.0 0.08
101 58.4 28.3 0.04
102 68.7 30.0 0.04
103 57.6 26.8 0.01
104 59.4 33.6 0.08
105 47.5 32.1 0.07
106 54.2 28.3 0.08
107 58.8 33.9 0.09
108 59.2 29.7 0.02
109 64.0 28.5 0.03
110 60.4 31.5 0.0
111 63.2 33.5 0.0
112 60.6 34.2 0.0
113 59.6 24.1 0.38
114 60.0 28.9 0.14
115 64.2 36.3 0.7
116 53.2 28.8 0.77
117 65.5 33.9 0.6
118 64.9 34.0 0.33
119 62.9 34.8 1.11
120 62.8 36.8 0.99
121 46.1 40.8 4.96
122 62.7 41.9 9.03
123 66.6 46.2 7.55
124 47.8 40.5 2.05
125 66.9 30.9 5.9
126 48.6 40.1 9.73
127 67.6 41.2 4.98
128 70.5 40.5 4.8
129 70.2 38.7 7.24
130 66.4 45.5 8.72
131 72.2 46.7 11.0
132 66.1 39.3 4.02
133 66.2 43.9 5.4
134 71.6 45.7 6.78
135 74.4 44.0 3.78
136 63.9 40.0 9.35
137 62.8 41.9 1.14
138 68.8 47.4 7.63
139 65.8 50.4 9.25
140 66.5 40.7 0.76
141 81.4 47.3 2.21
142 67.3 40.1 1.68
143 76.1 37.6 2.04
144 63.7 42.4 0.43
145 66.5 43.0 1.52
146 79.8 51.7 0.28
147 65.8 41.9 0.68
148 73.3 46.0 1.68
149 69.7 42.5 1.73
150 77.2 49.4 0.16
151 78.3 47.7 0.1
152 80.8 52.1 0.7
153 69.9 43.9 0.58
154 68.6 46.4 2.23
155 82.3 43.6 1.69
156 73.4 43.4 0.6
157 74.6 44.6 0.62
158 67.1 44.5 1.64
159 83.5 41.7 3.65
160 80.2 48.6 0.94
161 82.5 52.3 3.23
162 76.3 49.6 1.24
163 78.1 50.6 1.34
164 81.1 57.2 3.88
165 87.5 43.3 1.67
166 84.0 50.0 1.19
167 87.0 52.5 0.2
168 85.0 58.4 1.74
169 76.6 62.6 1.65
170 83.5 55.2 1.34
171 88.3 52.1 0.0
172 93.6 59.7 3.65
173 83.2 65.2 1.64
174 83.1 64.5 2.09
175 88.4 66.6 0.88
176 87.8 64.7 1.68
177 92.4 56.0 2.8
178 86.4 66.0 0.08
179 94.2 62.1 0.09
180 90.2 65.3 0.07
181 89.8 66.3 0.02
182 93.8 64.5 0.02
183 89.4 68.7 6.14
184 91.9 62.3 0.84
185 90.4 55.2 2.8
186 87.0 64.5 4.9
187 84.8 66.3 4.87
188 90.9 61.0 11.65
189 87.7 58.9 7.26
190 92.7 58.1 5.24
191 94.2 63.6 10.9
192 92.6 72.9 5.45
193 93.6 62.9 0.44
194 87.7 65.6 2.49
195 84.2 65.8 2.56
196 93.8 63.4 9.13
197 92.0 66.6 11.09
198 95.6 70.1 0.63
199 90.0 67.2 6.6
200 90.0 65.3 2.43
201 95.1 64.2 0.02
202 90.0 68.1 8.4
203 97.9 65.4 2.72
204 99.5 64.3 2.23
205 94.6 65.8 7.04
206 94.1 60.5 1.68
207 85.5 62.9 2.41
208 92.9 63.5 8.37
209 95.0 61.2 0.25
210 99.3 62.4 0.51
211 92.1 63.9 9.35
212 89.4 63.9 2.66
213 98.5 67.2 6.36
214 93.0 65.0 4.11
215 92.7 64.4 7.12
216 88.4 62.0 0.88
217 89.4 64.1 8.02
218 85.9 62.5 0.69
219 85.0 66.2 5.74
220 94.2 66.4 1.93
221 78.9 60.6 2.01
222 83.3 62.7 4.92
223 89.2 57.2 1.29
224 95.1 61.7 3.81
225 89.8 63.1 2.74
226 94.4 62.3 2.82
227 96.8 61.2 1.91
228 79.6 63.9 1.14
229 92.1 60.7 0.12
230 86.9 60.1 0.02
231 91.1 62.0 2.88
232 92.7 56.0 1.21
233 90.1 55.8 0.42
234 94.7 61.5 0.32
235 89.8 60.7 2.27
236 93.5 63.1 2.19
237 86.4 55.7 1.13
238 88.3 53.8 1.58
239 88.3 61.3 0.11
240 88.8 65.2 0.79
241 91.2 60.5 0.93
242 86.9 60.5 1.14
243 92.9 57.9 1.67
244 87.1 59.8 1.96
245 86.9 58.1 0.53
246 88.9 60.7 2.62
247 91.9 57.4 0.03
248 90.5 56.4 0.3
249 88.2 57.9 0.31
250 94.3 56.8 0.17
251 90.6 55.5 0.0
252 97.5 53.5 0.21
253 84.8 49.9 0.4
254 89.8 54.5 0.97
255 89.2 59.5 0.41
256 94.4 48.6 0.31
257 92.2 56.6 0.29
258 84.9 48.2 0.85
259 89.6 51.3 1.1
260 89.4 56.0 0.61
261 85.2 53.3 1.98
262 82.8 50.2 0.92
263 85.3 49.4 1.7
264 80.6 57.0 4.76
265 83.4 55.9 0.45
266 89.5 53.7 0.15
267 78.3 49.6 0.81
268 84.3 55.8 0.32
269 82.5 51.8 4.29
270 88.3 45.6 0.15
271 78.1 40.8 0.73
272 85.8 48.8 1.83
273 78.9 46.3 0.49
274 89.1 49.3 2.58
275 77.9 53.3 0.48
276 87.3 47.5 1.05
277 79.2 47.1 0.76
278 75.3 49.7 1.26
279 80.0 45.8 0.71
280 81.8 38.9 2.05
281 67.9 49.6 1.57
282 87.0 38.1 1.76
283 72.2 36.9 1.78
284 76.5 49.0 2.17
285 78.2 47.9 0.03
286 85.5 46.9 1.98
287 69.6 44.0 0.47
288 68.2 41.9 0.44
289 65.5 41.2 0.46
290 74.5 33.8 1.88
291 68.9 41.4 1.01
292 60.6 41.5 1.01
293 75.8 31.7 1.07
294 63.6 34.3 0.67
295 64.1 30.1 1.2
296 63.6 34.4 0.71
297 79.3 36.6 1.0
298 58.9 35.2 0.24
299 65.8 30.4 0.62
300 61.4 29.1 0.0
301 69.4 39.1 0.02
302 69.4 27.0 0.03
303 67.1 31.4 0.01
304 57.8 33.5 0.0
305 67.4 33.0 0.01
306 63.9 30.7 0.04
307 61.9 31.0 0.02
308 61.7 37.2 0.99
309 64.5 28.1 0.13
310 66.8 36.7 0.72
311 67.4 32.3 1.36
312 63.6 36.5 0.4
313 67.2 32.1 0.22
314 55.3 28.9 0.1
315 50.0 34.8 0.29
316 52.3 32.9 0.57
317 60.8 36.7 0.74
318 47.4 28.8 0.26
319 56.0 31.6 0.75
320 59.5 29.6 0.15
321 51.4 50.4 0.49
322 39.4 30.4 0.43
323 45.9 20.1 1.12
324 54.4 17.2 0.42
325 59.8 25.6 0.19
326 43.0 16.7 0.05
327 46.2 23.1 0.56
328 47.7 22.0 0.0
329 44.1 19.5 0.0
330 60.4 15.9 0.0
331 51.3 13.2 0.0
332 46.5 14.5 0.0
333 49.4 14.6 0.0
334 55.4 10.4 0.19
335 56.8 22.7 0.01
336 50.6 14.2 0.06
337 45.9 18.3 0.09
338 47.8 19.1 0.1
339 41.2 15.9 0.08
340 52.4 14.5 0.05
341 48.8 20.3 0.05
342 45.5 16.2 0.07
343 51.5 15.5 0.18
344 46.7 13.8 0.18
345 54.4 16.5 0.06
346 47.4 12.6 0.03
347 41.8 40.8 1.34
348 47.7 20.5 0.58
349 38.3 19.4 1.68
350 47.1 18.8 1.98
351 40.8 21.9 0.83
352 38.7 15.2 0.61
353 41.8 40.8 0.81
354 40.1 17.9 1.67
355 46.2 14.4 2.31
356 33.0 32.0 0.1
357 44.4 10.7 1.2
358 21.6 19.2 0.08
359 26.2 25.2 1.77
360 25.1 17.7 1.49
361 35.7 3.6 0.69
362 23.8 16.0 1.69
363 41.2 15.6 0.44
364 27.8 14.4 0.13
365 39.3 38.3 0.11
