001 5.7 -10.7 0.0
002 15.37096408007371 -10.172825368316055 0.10447728528622675
003 20.205357535822948 19.2 0.19459983476161824
004 36.87951689188308 0.5500054053468449 0.03379618731641071
005 29.82020431671365 -15.48297692210342 0.11759829620074355
006 25.559723329384692 1.830629485629197 0.0033269989858548885
007 25.78225874634766 1.6820576421018685 0.01587660613838578
008 7.0695336720267115 -0.6695670845347002 0.24797753910315504
009 26.054397881713946 -5.14060034716217 0.17003320927914306
010 11.999986841926166 11.0 0.5909225742109026
011 27.389358807616446 26.4 0.31475514869775545
012 35.92288415096128 1.608401621707241 0.6619289824484518
013 32.34900804648769 21.700323789876688 0.30428905438830134
014 34.923131076498755 15.199243967447263 0.09666827379685934
015 18.59859583116839 17.6 0.3484561634650959
016 34.04698624630075 33.0 -0.018521844501723533
017 44.6570990603439 12.194218263479438 -0.04675872048255372
018 39.97221255130865 19.991216105253727 0.46957870839123533
019 29.114047382725836 0.4638171384390759 0.0206815056961063
020 38.02448482060269 37.0 0.06577688164214068
021 35.07890081450384 3.040926317876421 0.2773456074386065
022 40.26405322930152 15.790436029908133 0.18443830096428732
023 22.00745573761073 21.0 -0.09770813657685887
024 34.01483426642918 21.810381101352682 0.4258319256117773
025 48.90634046630092 13.698356114584929 0.14194537997382636
026 43.80513089393123 16.163021083570634 0.3228997359765564
027 48.36769609656193 17.943327252285577 -0.001446656791115608
028 48.0039633091515 21.580249573546826 0.3255204005367383
029 49.970650523168636 13.247781423770483 0.03815706977503998
030 35.3617155247903 23.433684794683163 -0.04942626987890092
031 51.87798219512988 19.267107044606487 0.26766361095020785
032 33.77050225886045 20.035499074401585 0.3300771002548589
033 37.8760471918599 14.429479581188373 -0.2790284802156634
034 43.83481887093478 11.894304285474865 0.25429470613062455
035 30.680565526663834 10.011929362749024 0.17198626505515427
036 45.04464387652857 44.0 0.29392412829674963
037 39.457141116089005 38.5 -0.13490920818358756
038 48.92196487175688 10.011099309399597 0.2715802010603134
039 54.321237003750625 17.52034202932633 0.2227595388653053
040 44.91772988945496 11.461228125051765 0.12342907159040417
041 55.351624473261424 26.84512456112811 -0.0372893830058148
042 39.069569048077454 19.933336561941392 0.24329649478232734
043 43.14165744399183 16.819039257376975 -0.1319354390028577
044 42.24605893225282 19.15372716942368 0.08328349336150918
045 45.725838437462464 12.495204496103696 0.023395414234336047
046 65.87942153820501 12.28984590448276 0.0
047 44.26819966405534 21.724993558774898 0.0
048 47.741925384880275 12.636266743438682 0.0
049 46.99243680107195 20.472993621681038 0.0
050 48.6465647122502 17.19859914500216 0.0
051 56.848609821832795 18.522905558229876 0.0
052 57.47916000979371 20.907346902947005 0.0
053 51.49296014681593 15.546274678439254 0.0
054 44.98824690569849 10.274382428858308 0.0
055 34.69093524631354 16.66910032714135 0.0
056 37.344506103609326 15.211975924577603 0.0
057 47.74750618842957 17.083406266081813 0.0
058 37.91023634832106 36.9 0.0
059 45.98845359974018 45.0 0.0
060 42.67601572492894 13.211008859441305 0.0
061 57.01836161691159 22.434613694225874 0.0
062 31.955897425048327 18.20501584816788 0.0
063 47.50920179577408 10.408794231005494 0.0
064 45.08286284539473 -5.525951620570494 0.0
065 47.32754292183498 11.287151540552884 0.0
066 48.71548693316309 47.7 -0.20277608926060675
067 29.559636193847822 28.6 0.42669083327442864
068 38.97671146680252 13.263965564187282 -0.1324516733706788
069 41.17463806800179 40.2 0.0007704440771754972
070 33.13765914072018 19.379615643907403 0.06220978395737947
071 5.8787385321195025 15.786900731381918 0.15827824002571642
072 39.24317918743115 18.04737613722452 0.6344631915270798
073 45.09837890121549 23.47827143217418 -0.4104851745112946
074 32.60710292509696 19.436634882961798 -0.010801760778016256
075 41.5191014281759 21.35263517986438 -0.18680733538334218
076 67.81899449488392 24.259055897242096 0.6480946803359591
077 43.818686059333956 25.700121711234974 0.39982556107718425
078 44.40909549841588 17.753864799034766 0.6709239965156217
079 54.48082945948076 10.715452411143241 -0.22368357328961522
080 61.043857623716406 22.697443786459637 0.47472155493552703
081 38.04334315515548 22.570297618678246 0.838165441824418
082 45.94349386942373 22.193731179215654 0.10601825928368055
083 59.813500083222195 21.433656236154356 0.4575178511031984
084 47.20636451044862 24.982208533205164 0.045554651051663037
085 46.04114105106781 27.073767321199153 0.7513322550832625
086 60.41608233789747 24.204006579693885 0.009808575063923922
087 51.735487342670496 30.66527446814561 0.31779330322078114
088 46.70894360587253 23.181520300970956 0.4765250777073353
089 53.468712749364784 22.491720641173583 -0.1339511561164488
090 58.500006975005164 29.02874627268715 0.2011320110145544
091 55.81086513226297 27.650493043965394 0.02396184375179236
092 56.79470514703637 25.92356445366932 0.2029467780683483
093 55.38884678070622 27.181792484414764 0.13384241282391396
094 56.30622105192114 27.73788018388038 -0.05454275385553056
095 56.58325642812272 29.699962685480067 0.03182916211861926
096 51.750434447704116 28.248220409813523 0.01580881308093468
097 60.884047150357766 30.23754693299406 0.0642168303142431
098 54.406130317890856 25.796320960693475 0.321080206017594
099 54.80316761270799 29.375202596475535 0.33947689237563217
100 56.86652077340697 26.67852188927471 0.08895253104947061
101 62.210884362886674 30.674627837816296 0.15221279375602303
102 51.84950525753658 27.37325955767885 0.03809469187640427
103 62.462053829205814 29.582449307173828 0.057359185526502064
104 47.15117762357784 26.98618405654142 0.04369003152573085
105 51.27750721902276 27.194589724856172 -0.04363619551281823
106 56.76578962339755 25.36783351445805 0.034605608210657904
107 61.00944854046747 26.604528629606328 0.009183278956058725
108 52.41257429839959 25.16838846447818 -0.013261737301474404
109 50.90596402476771 35.62000455875052 0.04734194641782958
110 57.45179908044924 31.506542794174035 0.0
111 54.32719994119147 36.39965323979075 0.0
112 56.887486433042575 32.98464504282734 0.0
113 74.0020222014409 38.03656145161685 0.9579673697546995
114 61.88535827328202 38.07360684264157 -1.379476513961456
115 58.07773956490219 35.45607899045116 1.0689976868697202
116 62.707680493989876 35.92604913669109 -0.5606323867735398
117 59.425814520401396 30.98449222817556 0.15656152031178658
118 74.59186170992521 25.453657771470503 0.026195384313805303
119 63.868412224987615 37.0706472182024 -1.016060727512167
120 70.34873725475047 40.14503174098532 -2.485568584268691
121 55.05879940116283 38.40522540640657 4.892775226968903
122 66.9983222199396 35.30878054797025 9.754140525782699
123 59.12459626071787 34.127840735152226 2.4593898731616006
124 58.75770869488296 43.142337316122834 11.754841087400841
125 67.66287850505866 39.78592411065862 2.303097854874008
126 61.036646496162206 41.518780062583076 15.79023566005889
127 57.62436018880965 41.76166149639338 3.562091216832056
128 73.8054789801131 40.30750816618116 10.695155218153621
129 58.907965240145586 42.778784836793896 -2.7283597166645555
130 56.82833407713529 46.2843961315759 9.23117968780437
131 75.71752396696272 41.362782784413746 -0.8099001187210613
132 64.42715441553335 39.17994394701597 3.0132362663783887
133 61.96814457471995 40.817093918899104 1.5096758118419231
134 76.19886611734147 41.462262933314456 4.1006638437515885
135 60.27812681129498 45.59870366943614 1.6559296486686113
136 68.97920578806819 44.827204100044646 18.460621613023154
137 70.86447515377041 48.75506683255898 10.54413450506896
138 65.14516000799138 46.39891596526149 7.306449065181333
139 75.92079400282972 47.9572297731853 2.9006999339079216
140 81.89926236006546 48.53416382124275 -0.003893172979238635
141 78.8008869146773 41.98905978550426 5.086844757941762
142 74.03458834963784 47.38514282399588 1.0371615148854485
143 78.5505371611426 49.73858910604461 -0.3991230883346897
144 63.943428735154136 45.04622020909917 -0.25503066820602216
145 86.30963752692317 41.532345592093385 3.995901275518812
146 69.51350249177068 39.437223411032576 2.788784514823771
147 74.70853247856516 46.91638081391011 0.6691752852187952
148 70.12490632033149 41.920945251514965 -0.6185147297721186
149 81.65426153865883 46.03019358860668 1.7706314512294266
150 78.11843842178432 48.860677191730844 0.8622531344929392
151 70.9690496819002 45.69462288821749 1.6112128396997145
152 75.59818899064831 49.30733077404139 2.189598995470842
153 73.75332993905856 46.88424483803038 2.6082897380679007
154 74.44194777374527 49.54962015442426 0.3877856183060162
155 81.92813328292539 44.84382426740695 -1.5334862082584586
156 76.5225403969849 49.43112649902367 -1.3869184442960498
157 75.28124502057204 43.38292248154359 2.2991511917470424
158 71.1668997012509 48.20822695454636 3.218939395628659
159 78.02694309055217 45.21151873221143 0.5426567063448311
160 77.84562213614126 49.79349120155297 -0.132988160428545
161 79.8643869699419 40.37344603460877 2.097733015070449
162 75.75148055761674 53.0906182433866 3.3420357466354274
163 73.01317040813807 45.26979293459913 2.3241288888226386
164 79.33957398104516 54.34992458541276 3.4257819772180667
165 75.35016376971652 52.439923429464784 -1.1633369328343766
166 82.67083204850113 62.947692149638144 -2.106961427408384
167 83.53282585254728 47.356829463683106 -1.0136672037671257
168 85.50082992380048 57.248068974813236 1.5559680771091187
169 78.55938344199912 55.79762754660255 1.5854454477870794
170 85.68800250087156 52.79642766008286 1.062839440706428
171 84.90243415410892 63.19036553739999 -0.8234034342134191
172 83.20420352232848 62.346738322032834 0.17627697033237283
173 94.4538633270107 58.072333898764974 -0.22333331632099973
174 91.57457124415184 65.28725614925071 0.7042722765419446
175 89.5848833985735 64.09827778054955 -1.3981482445802795
176 90.63547376745815 68.77939838855389 -1.5588655360583101
177 84.59558324146442 59.096622903068464 0.09178379603045173
178 90.21345066765855 61.48553636602105 -0.027836268612855555
179 89.14121575450262 64.13508128789645 -0.017176964615805687
180 94.96046301783166 65.98074312069468 -0.028210356960583147
181 94.34924911691724 64.85061058352092 -0.014904648997745448
182 89.2405829861767 57.68485992142496 0.04986876139596073
183 92.58061677884365 58.97936739314296 -0.05861595908981654
184 93.31518079558988 67.15266641792128 5.216766423673676
185 90.82850762720817 52.90483447175994 2.153461738242307
186 89.67748900405942 68.07491421826406 -0.6844273936447847
187 87.39869897606894 64.67071060707508 4.7538577777082525
188 83.1507036861345 62.04595113704383 1.9599842463423358
189 93.03488834802143 71.21341846561607 1.3695162235084273
190 92.0654925270356 62.47637437641581 4.8028981574139635
191 86.08948230113965 59.684176081113385 1.110365801266735
192 88.16529121844574 61.20989221737375 2.9506319993966215
193 85.35116192959705 63.150961893832246 6.633005697873266
194 86.60072116421817 59.971649774584954 5.047868117344933
195 83.88015972362997 64.195194554272 7.480239829111695
196 94.76323438748057 66.62923847534398 1.3218385689304974
197 91.00541683277525 63.116830153604496 -1.4368853493698328
198 96.27967492437017 62.049467873606694 -3.5974948206127744
199 95.1201390072444 64.61865563104759 8.847501750195182
200 97.50884498468864 63.09614007857941 -3.581511043017893
201 83.21176666699446 63.41663938731335 3.9940159972176024
202 91.64634496851652 65.46352673077766 0.619583159526008
203 96.5869074526532 63.08533525122453 -2.3929771581267305
204 95.82214537682518 56.253044765705305 -2.170703641028986
205 94.03651671995996 65.13802236055803 -0.015503778404263535
206 97.95724386864826 62.82813907160105 0.6365290902831118
207 90.3983256832504 64.70977983031571 3.0731720494987194
208 86.10539549118165 59.96560919655114 2.097871632591006
209 85.72091824355225 64.76140710894019 5.242973002876228
210 84.72223779425742 65.54601114969152 4.8547213191982275
211 91.42940681668018 59.403194051500144 3.4927109400135326
212 89.48569060725038 65.13920575896356 3.2695298616779604
213 95.80366183903294 63.447420805289795 0.4197889227629812
214 94.90321000050315 63.22591600921184 3.6307899237240764
215 87.4448306948985 60.70543200842722 3.26401934253152
216 87.78787640940985 64.01995910719585 5.733312810020333
217 92.32927659633437 59.842053885307735 -0.5490272156107605
218 88.38484647007927 60.81833581190493 3.636284644234708
219 89.80733027100113 62.43311548626479 6.983945791273576
220 91.15713493801067 63.24679201782951 10.398866383334898
221 97.88568717052026 62.52454077824139 1.9167795180465743
222 97.16968701966097 63.605587965821464 -2.7692967398751054
223 93.56943560729427 58.32273264556973 1.022853773774365
224 84.41958204843448 55.2571717305947 -0.8343400844370383
225 95.71488262289944 64.56086831229894 1.2909061974092102
226 84.68269110616598 63.24157376016066 -0.018079017287741417
227 88.06315925498161 59.55237290835948 5.753891436941351
228 91.34515281870658 64.48698665447691 -0.8768393951866191
229 88.28728001021899 64.79525819813585 -0.9467551275250963
230 91.49985713606951 60.31719502023811 1.0620815288720216
231 92.55158907009496 59.80564607419833 1.1677991368136476
232 92.66326438606669 57.41666816465981 1.783633164586344
233 85.86510896812455 61.955608854704295 1.2019106382866593
234 81.7288140491972 63.71778997948991 1.300353142732562
235 85.38789310038554 59.48615737480237 2.7936372481841247
236 90.1595995547122 61.53988349864334 1.5041693662174231
237 88.83234694068885 56.47913344824435 -1.8366509241118698
238 94.84729978445284 57.31537154971946 1.0796801318272413
239 92.5103712603715 57.972614352262084 3.4757652801260988
240 87.99673601626 59.44820791500787 -0.7647632051024383
241 87.8568622080901 60.623547781534256 -1.4008781100235774
242 91.47283515669461 60.67300320955267 -0.5726628967850577
243 89.93499074475082 55.44294965665751 -1.0267931134509918
244 90.93474401260558 56.17365359438459 -1.461297866984524
245 84.37657585355987 60.880820143314246 0.7215199566632431
246 89.64008727815288 59.46867001772199 -1.0369321711581385
247 89.32247526901446 54.759287056859854 -0.09481677957581583
248 91.61861157742992 57.23881827860308 0.09384356656287207
249 92.54024947949665 61.481650123325494 0.17841719530134081
250 91.21407078287662 57.386708547951194 0.11597442233271352
251 87.24799961184746 53.67936396248889 0.11277083934054649
252 89.69035265541262 52.28660996110874 0.12508499509725457
253 87.90247970866525 55.23410480633513 0.35656891863839435
254 92.64582053142479 56.15791199822869 0.32568537562304156
255 89.01510633802161 65.16255812776862 0.49192122053864146
256 82.98287017502234 55.3185948906407 -0.3256227224755719
257 89.76187559564653 53.04750528862887 -0.03589286653024043
258 80.56654007185544 52.37666883472239 1.5512761228390972
259 83.24637954854809 42.56862524205846 -0.342128383159211
260 85.24629761703342 55.035569735009 -1.4221707589988224
261 90.35390995904076 53.145052567816755 1.881983775310463
262 86.56244744704297 57.44302385820158 -0.9492088319297367
263 79.56520877110559 45.439999549298086 2.6965430595342585
264 87.61739752728455 59.128473043828826 0.8862933531925073
265 85.62826423044376 52.65162806913533 -1.4643127862938403
266 80.71764085630292 53.185180036489974 3.594504529038659
267 80.42393893928077 51.89715395345985 -2.6999340400363065
268 86.88146282787022 55.49634648802464 2.4650516215317952
269 86.81370485336703 42.87854995192748 1.0184586767279507
270 82.2066143394675 50.704206048091095 0.3161391966638356
271 70.33462055637321 56.356377944951284 -1.3424508388848753
272 82.15982908197054 48.62773161998639 0.9208650547925571
273 84.44477878495034 49.3262637876851 2.056144505766951
274 80.70312680149945 56.000053231319896 -2.8851754551140822
275 90.50732989623458 39.31159615806663 -2.058764040692467
276 80.5637482827042 46.91732697285076 0.29172280530254824
277 80.98225948858952 45.0087793572059 -0.5346948513330532
278 80.64689543185325 50.0350557751664 3.3476702945140966
279 76.72845628817018 49.57140913625964 -1.202888264651242
280 86.192169164387 40.10180802752482 -0.9488617326095558
281 84.65334179817886 48.876511857187 0.36862874709183235
282 75.03740828259238 43.2175039490798 -0.3848250595923973
283 66.40634516622568 40.680244273173436 1.165823795230493
284 71.83705778646161 45.23293818472812 0.13136654111792145
285 71.34524746597388 43.422466568702106 -0.793961004494043
286 77.37928716503362 37.419363866940245 -0.23451385607294672
287 75.55213981502772 34.9894836449524 1.3780036001579004
288 80.13440467449396 40.11678848775763 1.7569241686735353
289 69.91510717704992 38.46823691448801 1.4867581186641554
290 69.73145767894202 44.442229426445216 1.2447095058540074
291 79.23401199414312 37.48598645854151 0.07983565082647481
292 79.2984808326383 36.93409214391381 2.71078237769722
293 71.11331542791513 37.58857582202793 -0.330180719721721
294 70.92890235886816 33.29352397508185 2.444917391644549
295 78.0417326432048 38.72150151044653 0.2373127059477621
296 51.19097843984912 32.04017084928257 0.2555880552983152
297 69.233310661566 29.435945193316705 0.9954193599438407
298 63.69009834765068 34.27684322960087 -0.17648674736368097
299 61.05687937233966 37.056595585237254 -0.3206844662301058
300 66.03727007770998 30.770048888045963 0.04559955980067816
301 65.31772762782262 38.16937858058998 0.029198442524644715
302 74.13280077123072 33.986317481941896 0.0038221151238447323
303 66.73583920191628 35.38595538079682 0.004778317626699684
304 68.44165123550844 27.29255399381477 -0.022301078139634806
305 62.71931303723855 33.54497726918621 0.014828006503036237
306 57.16106804259678 33.478375065417154 0.04255606459504808
307 59.73641203739323 32.73249587754565 0.10046363039230521
308 61.10297773912438 36.95725586296938 0.6736625307606834
309 61.76689277865331 29.355904927525195 0.5798096891923701
310 64.81031125326237 46.04488909032781 -0.13998491460196338
311 64.86422362543189 31.208208467431213 0.7872692466408963
312 74.84049504397127 41.48954544985426 -6.775582818419057e-05
313 64.73267701665938 30.0246903217785 1.4193054607396496
314 61.773151926874085 32.97846350232847 -0.39346171214909215
315 42.61301699023883 34.07732704364131 -0.0816047732162265
316 61.1814923594575 32.79215800185592 -0.3428112608181429
317 48.43838735699745 36.406427042154114 -0.03827332034181363
318 58.616147901239486 22.5472066345337 -0.15923683262034494
319 54.9530100649893 22.555404074285253 -0.41444149199099184
320 57.185016201468066 40.67754846771821 0.2092713966256023
321 45.49957211977511 36.21171276184914 -0.19529958539179187
322 47.10110836857795 16.572155539995336 0.40938191435510707
323 57.966757477180764 17.988746118419314 -0.5463760569510152
324 40.78422014474045 25.10803415593643 0.3691548346352028
325 50.21924973945592 17.303844387277252 1.0374753941141066
326 53.239312559868864 16.71812125244825 1.1055271318546962
327 38.534572205709495 17.006163959990392 0.4864735548297168
328 41.414288131618875 13.671559331103566 0.0
329 46.33595887900146 24.27322482833093 0.0
330 57.265148198064544 56.3 0.0
331 44.16299521502376 14.663165442286479 0.0
332 46.422084614812825 19.38198456556691 0.0
333 47.35541629772014 18.189408520769828 0.0
334 53.68423383477041 14.959770609451112 -0.0034962036945403938
335 51.84522672536401 18.438752952996005 -0.10822351730503652
336 43.7912873925774 15.696953962114499 -0.007209927008809479
337 43.472385069077845 16.58541231633289 0.05059881869616416
338 41.3144665369503 20.809103807058733 0.034197383450974166
339 50.8005617039869 17.634622056799447 -0.04604291412093325
340 41.9442022035297 12.73081611811032 0.04512940268071821
341 48.09026873297202 16.734605214931126 -0.017909863326249408
342 45.760726613193725 13.799426775247905 0.0004870228493926987
343 44.373930255227144 16.065985528521825 -0.0033392395278616788
344 43.30884775435484 17.34458629673046 0.24455784276608783
345 46.870879890636765 16.279813448347575 0.1408212411849284
346 38.78271765420503 21.05000234391848 0.20380045844480643
347 52.163516165815736 16.127177298983828 1.8841070587681958
348 43.57097316376196 20.789321068541135 0.19118048822781564
349 42.442844798208824 23.36032137250015 -1.0174018438187722
350 36.681584066304175 14.017964800393056 0.26891760274064874
351 40.06867700001558 19.571549487859702 1.9573103719378149
352 35.50049262597844 12.633611250900618 2.804255312086578
353 38.276385133020696 12.449118165367922 0.4766471420890629
354 39.06653690194404 18.039969698636263 -0.3970429484874812
355 31.909533192883718 14.976720538239388 0.34955799973331464
356 29.508654281996613 28.5 1.860726153399386
357 31.858652334927275 14.1123733035198 -1.29737956117032
358 31.87825684111218 13.958184008700849 1.8350276314588179
359 27.619435728006273 26.6 -0.011288468225910508
360 17.112403636133088 16.1 0.014823788200434507
361 36.17500673894874 17.602255514480944 1.0920876694129733
362 28.747428320067883 15.055480503392117 0.9806883282439226
363 43.97018194398385 10.069604777376568 0.15506058358269875
364 29.52319236597462 11.612699262036733 1.6568959584349654
365 17.120095108140056 13.512374250597308 0.7328770220602039
