001 35.4 33.6 0.0
002 34.6 29.7 0.0
003 34.9 30.7 0.36
004 31.2 22.8 0.33
005 29.8 22.2 0.16
006 28.6 15.9 0.12
007 32.5 17.9 2.22
008 32.2 17.3 0.58
009 29.3 17.2 0.26
010 23.8 22.8 2.04
011 34.7 12.2 0.25
012 28.8 19.4 0.58
013 30.1 19.1 0.06
014 30.2 21.2 0.16
015 32.8 18.0 0.22
016 34.4 17.2 0.73
017 32.5 22.0 0.82
018 29.9 18.6 0.13
019 32.7 16.6 0.93
020 34.7 15.7 0.34
021 27.8 21.2 1.03
022 32.6 16.3 0.1
023 35.2 10.1 0.41
024 33.8 13.5 0.75
025 33.6 10.9 0.73
026 33.4 18.9 0.78
027 34.7 14.8 0.5
028 33.7 16.8 0.93
029 35.6 17.3 0.19
030 24.9 15.5 0.38
031 22.8 19.4 0.51
032 32.2 16.9 0.52
033 37.6 14.0 0.37
034 37.2 17.0 0.04
035 24.6 15.4 0.07
036 20.6 19.1 0.0
037 20.1 17.8 0.21
038 30.1 11.8 0.97
039 37.7 13.0 0.24
040 28.3 14.1 0.16
041 32.5 12.2 0.08
042 34.5 13.0 0.05
043 30.2 22.9 0.01
044 28.1 10.3 0.01
045 33.2 21.5 0.05
046 34.5 15.9 0.03
047 37.4 36.4 0.01
048 22.5 11.3 0.05
049 30.5 29.5 0.04
050 36.4 18.2 0.02
051 33.8 18.5 0.04
052 38.4 17.2 0.0
053 36.7 18.3 0.0
054 28.6 17.6 0.0
055 31.3 20.5 0.0
056 34.3 12.6 0.0
057 35.2 13.1 0.04
058 23.9 15.9 0.02
059 37.4 18.9 0.07
060 40.0 13.1 0.01
061 46.3 25.3 0.02
062 38.0 15.0 0.04
063 42.5 23.3 0.01
064 51.6 50.6 0.04
065 29.8 16.6 0.02
066 44.7 20.1 0.06
067 47.0 20.9 0.02
068 38.3 37.3 0.46
069 33.1 22.4 0.73
070 28.7 27.7 0.52
071 35.3 16.3 0.73
072 22.3 16.1 0.16
073 40.2 25.9 0.78
074 42.4 16.9 0.24
075 44.2 19.6 0.12
076 40.4 24.4 0.61
077 30.9 27.0 0.25
078 48.0 26.1 1.52
079 49.3 25.2 0.51
080 30.8 22.7 0.59
081 44.2 24.4 0.54
082 41.3 22.9 0.37
083 41.5 22.7 0.36
084 44.2 20.5 1.03
085 50.1 22.5 1.65
086 48.6 23.1 1.19
087 40.3 23.1 0.68
088 43.8 16.1 0.34
089 50.4 15.0 0.58
090 34.4 20.0 0.2
091 41.3 20.1 0.17
092 55.1 22.0 0.66
093 51.4 23.9 0.19
094 43.7 18.0 0.1
095 56.3 19.7 0.1
096 44.4 18.9 0.14
097 48.0 21.8 0.06
098 42.2 22.4 0.24
099 59.2 24.1 0.1
100 49.8 20.4 0.23
101 43.7 20.8 0.07
102 34.8 22.9 0.01
103 60.1 26.3 0.08
104 56.5 21.9 0.0
105 65.4 36.6 0.13
106 54.4 24.3 0.02
107 57.7 27.1 0.05
108 53.8 40.9 0.29
109 72.2 33.6 0.2
110 65.3 23.3 0.17
111 70.9 27.4 0.01
112 48.1 29.5 0.06
113 58.2 23.7 0.0
114 68.6 37.2 0.01
115 70.6 33.1 0.16
116 47.9 34.7 0.1
117 63.3 37.1 0.06
118 61.3 34.0 0.01
119 64.7 27.5 0.02
120 67.5 36.6 0.06
121 66.6 34.2 0.09
122 60.8 43.5 0.01
123 58.6 31.3 0.04
124 62.7 29.0 0.18
125 69.9 32.8 2.61
126 65.8 34.8 0.43
127 56.7 29.9 0.33
128 61.7 35.8 2.13
129 61.2 33.5 1.27
130 62.0 41.3 7.66
131 68.9 42.3 3.74
132 64.8 38.2 3.95
133 62.8 36.9 7.42
134 70.9 45.9 11.54
135 69.3 46.6 3.69
136 71.7 38.2 6.02
137 71.8 46.2 0.29
138 74.6 52.5 3.82
139 67.2 48.5 2.13
140 65.4 39.5 8.24
141 76.5 45.2 10.99
142 72.0 52.5 0.38
143 71.2 49.7 8.01
144 69.5 52.4 1.81
145 74.3 47.7 0.82
146 68.5 44.5 3.61
147 65.1 48.3 2.52
148 75.3 51.9 4.54
149 71.3 51.4 11.92
150 68.6 51.9 4.89
151 72.4 47.9 0.8
152 72.5 49.4 2.55
153 66.8 55.0 8.61
154 69.2 54.0 5.97
155 73.0 54.2 3.57
156 75.5 50.5 0.21
157 73.3 53.0 4.17
158 75.5 53.9 5.83
159 78.0 52.5 4.9
160 79.0 56.5 6.38
161 76.0 57.4 4.92
162 80.5 57.8 3.69
163 76.4 59.2 0.83
164 78.3 56.5 0.84
165 77.1 55.8 9.74
166 81.3 54.4 4.64
167 76.4 54.8 0.57
168 74.9 52.8 2.31
169 83.0 57.0 4.19
170 78.5 53.4 1.06
171 76.8 55.2 3.31
172 77.0 53.1 0.13
173 79.7 52.1 3.64
174 83.6 60.4 3.42
175 79.9 61.4 0.59
176 81.6 52.7 4.57
177 77.5 56.1 3.1
178 78.7 59.3 2.37
179 82.6 63.7 1.91
180 80.2 61.8 1.71
181 79.4 61.4 2.09
182 82.9 56.6 1.64
183 79.9 55.9 4.79
184 77.9 57.6 1.87
185 83.5 61.6 0.04
186 77.3 59.0 1.02
187 80.5 58.7 4.81
188 77.8 60.9 0.23
189 77.2 60.6 7.86
190 80.3 56.4 7.27
191 82.2 58.6 0.62
192 81.5 53.3 5.01
193 83.4 60.9 2.87
194 80.9 62.0 1.4
195 82.5 58.5 6.23
196 82.5 63.2 2.74
197 88.3 56.4 5.81
198 84.2 62.0 6.18
199 80.5 62.9 11.78
200 76.7 59.7 9.24
201 78.1 62.6 9.79
202 84.0 59.8 6.53
203 87.7 59.6 4.32
204 80.1 58.1 5.77
205 82.0 59.9 4.0
206 88.3 60.4 2.94
207 87.8 58.9 0.54
208 83.8 64.2 3.38
209 83.0 60.3 3.65
210 87.5 61.6 7.16
211 87.1 59.7 4.99
212 85.1 64.1 2.21
213 85.5 62.5 1.55
214 91.2 65.7 0.08
215 83.0 62.9 1.79
216 84.9 63.0 3.24
217 86.2 65.3 0.44
218 83.8 66.2 4.02
219 87.7 64.8 6.15
220 90.1 65.7 0.68
221 87.8 66.2 1.91
222 84.9 59.7 5.98
223 87.8 61.3 8.35
224 87.6 62.1 5.5
225 85.9 66.5 2.43
226 82.1 62.1 3.38
227 81.3 59.2 3.26
228 85.6 62.0 2.86
229 87.6 58.8 6.87
230 79.4 55.6 6.21
231 85.8 64.1 10.13
232 85.8 60.8 0.92
233 84.8 59.1 2.95
234 88.7 61.9 2.73
235 83.0 60.1 6.14
236 88.6 55.8 0.12
237 84.1 60.9 0.04
238 92.1 64.5 5.06
239 85.7 61.3 0.05
240 91.9 64.3 0.18
241 87.2 58.2 0.0
242 90.0 57.5 0.0
243 83.7 59.7 0.0
244 93.9 65.8 0.0
245 89.6 54.4 0.0
246 93.8 62.3 0.0
247 89.6 64.5 0.0
248 99.7 62.9 0.0
249 84.6 58.9 0.0
250 91.2 57.7 0.0
251 88.2 55.2 0.0
252 83.0 56.0 0.0
253 78.8 53.7 2.73
254 83.1 54.0 3.34
255 88.2 52.8 0.31
256 80.7 54.9 2.56
257 82.5 55.1 2.73
258 87.4 53.3 3.21
259 86.3 60.4 4.47
260 87.7 56.1 1.31
261 93.6 54.8 4.04
262 82.6 51.0 5.48
263 80.5 50.1 3.97
264 80.0 48.3 3.55
265 73.6 52.5 1.69
266 82.5 45.4 0.98
267 84.4 48.5 4.45
268 79.4 54.2 7.16
269 75.6 45.8 3.06
270 74.7 46.5 1.16
271 79.8 56.6 0.58
272 79.5 49.1 6.59
273 80.0 53.3 0.01
274 85.1 51.7 0.84
275 81.8 56.3 3.74
276 80.1 54.4 1.4
277 76.6 49.7 1.84
278 76.6 47.5 0.91
279 86.2 47.4 0.53
280 78.9 40.9 0.83
281 75.6 52.4 0.4
282 85.5 49.5 0.28
283 78.1 50.0 0.11
284 78.9 46.7 0.28
285 74.1 40.9 0.86
286 75.0 52.4 1.01
287 73.7 39.9 1.59
288 62.3 52.6 0.02
289 75.8 46.2 1.19
290 70.3 54.2 1.17
291 73.9 47.2 1.05
292 51.6 50.1 0.52
293 66.9 40.1 0.93
294 64.9 39.8 0.3
295 66.0 36.1 0.54
296 71.1 38.2 0.74
297 69.8 36.4 0.22
298 59.4 40.8 0.91
299 61.7 37.9 0.38
300 76.0 35.0 1.3
301 63.9 29.1 1.78
302 66.5 31.5 1.74
303 51.6 28.0 1.12
304 57.3 27.8 0.9
305 44.6 34.0 0.42
306 41.1 32.0 0.05
307 52.1 29.2 0.21
308 45.2 26.7 0.2
309 62.2 29.5 0.34
310 60.5 35.6 0.34
311 59.4 34.9 0.01
312 62.5 15.1 0.17
313 48.7 30.7 0.33
314 47.0 29.2 0.12
315 53.9 35.0 0.12
316 62.6 19.9 0.17
317 61.8 24.8 0.4
318 63.0 25.3 0.19
319 61.1 21.3 0.41
320 55.7 26.8 0.29
321 61.5 25.2 0.53
322 61.0 21.8 0.02
323 58.7 22.1 0.02
324 71.3 28.4 0.03
325 63.4 23.6 0.27
326 61.7 32.3 0.0
327 63.1 27.6 0.0
328 58.5 29.1 0.08
329 48.8 28.1 0.24
330 60.2 27.8 0.58
331 50.1 18.9 0.1
332 63.1 19.3 0.39
333 55.1 24.6 0.61
334 63.2 21.0 0.91
335 59.2 22.5 0.18
336 45.2 19.0 0.46
337 47.9 22.9 0.59
338 57.5 20.1 0.32
339 43.0 26.7 0.38
340 45.3 24.8 0.38
341 41.1 29.8 0.36
342 47.3 25.9 0.54
343 44.2 21.7 1.21
344 38.8 23.3 0.47
345 36.2 21.6 0.42
346 40.1 22.1 0.43
347 40.4 17.0 0.26
348 46.2 14.9 1.05
349 48.0 21.6 0.99
350 50.7 20.7 0.34
351 46.1 20.7 0.07
352 52.3 20.9 0.06
353 55.4 17.9 0.09
354 54.1 20.6 0.22
355 50.6 24.8 0.16
356 52.9 20.4 0.04
357 51.4 23.3 0.14
358 53.5 25.4 0.57
359 57.0 26.1 1.01
360 48.9 23.9 0.51
361 36.0 23.3 1.22
362 40.0 22.5 0.64
363 44.9 16.5 0.04
364 34.9 25.8 0.43
365 45.0 26.6 2.0
