2004001   8.5  15.5 -11.5   0.0   2.2 51.7
2004002   7.8   9.9  -0.5   0.0   2.3 45.0
2004003   3.0  -0.3 -11.3   0.0   3.6 73.1
2004004   7.4  -8.1 -20.5   0.0   2.8 86.2
2004005   7.7 -15.7 -20.9   0.0   2.1 75.6
2004006   9.8 -10.6 -22.6   0.0   1.4 71.0
2004007   7.1  -2.2 -22.2   0.0   1.1 74.7
2004008   8.7   4.1 -10.3   0.0   1.5 81.2
2004009   9.1  14.8 -11.6   0.0   0.8 72.9
2004010   9.4  11.6 -10.4   0.0   1.3 72.6
2004011   9.5  14.7  -1.6   0.0   1.0 62.0
2004012   9.6  11.9  -7.5   0.0   0.9 68.5
2004013   9.6  15.3  -6.7   0.0   1.7 71.8
2004014   9.8  11.7  -0.4   0.0   1.5 54.7
2004015   8.1  11.6  -2.0   0.0   1.6 64.8
2004016   6.3  12.7  -6.2   0.0   1.6 68.5
2004017   8.3   9.8  -4.7   0.0   3.2 69.9
2004018   6.2   5.6  -4.9   0.0   2.1 72.1
2004019   4.6   8.8  -8.4   0.0   3.2 68.0
2004020   5.7   4.3  -5.4   0.0   1.2 77.6
2004021   9.9  14.1  -5.7   0.0   1.6 66.2
2004022   9.9   5.0 -10.7   0.0   1.7 63.4
2004023  10.2  15.2  -3.7   0.0   1.4 47.6
2004024   3.9  -2.9 -12.4   0.0   2.6 90.5
2004025   3.0  -1.4 -10.2   0.0   2.8 89.1
2004026   8.8  -9.9 -18.1   0.0   2.8 65.1
2004027  11.3   8.7 -16.7   0.0   2.3 54.4
2004028  11.3 -12.3 -19.6   0.0   3.4 63.6
2004029  10.0 -11.8 -13.2   0.0   2.9 68.4
2004030   9.5  -1.1 -15.7   0.0   3.0 68.2
2021031  11.6   5.1  -6.3   1.0   2.6 73.7
2021032  11.6   1.6 -15.7   0.0   1.4 73.5
2021033  11.2  13.4  -1.7   0.0   1.3 67.9
2021034  11.9  12.8  -5.8   1.0   2.7 61.1
2021035  11.8   0.8  -6.9   0.3   4.5 58.8
2021036  10.3   5.8  -4.5   0.0   2.8 65.2
2021037   8.2  -1.1 -14.9   0.0   2.6 83.4
2021038   7.1 -15.4 -23.6   0.0   2.5 80.5
2021039   9.8 -11.9 -34.9   0.0   1.3 77.3
2021040   8.3 -11.8 -18.6   0.0   1.1 76.2
2021041  11.5 -11.1 -18.6   0.0   1.5 70.0
2021042   8.6 -12.3 -22.7   0.0   1.6 74.7
2021043   8.4 -10.5 -19.0   0.0   2.3 71.9
2021044   7.1 -16.3 -29.5   0.0   1.9 73.2
2021045  12.2 -18.6 -29.7   0.0   2.2 71.0
2021046  14.5 -24.4 -30.6   0.0   2.2 70.1
2021047  11.8 -12.3 -22.4   0.0   3.3 76.2
2021048  10.1  -4.8 -22.2   0.0   1.2 80.6
2021049  12.1  -6.3  -9.5   0.0   2.1 76.3
2021050  12.4  -1.4 -19.2   3.0   1.2 77.3
2021051  14.8   0.5 -14.6   0.0   1.6 72.7
2021052  15.7   6.9  -6.4   0.0   3.5 74.1
2021053  15.1   6.1  -4.6   0.0   3.6 62.7
2021054  15.8   9.6  -3.9   0.0   2.7 62.1
2021055  16.0   3.2  -8.1   0.0   2.0 56.6
2021056   9.0   3.7  -6.3   0.0   2.7 70.6
2021057  14.6  14.6  -0.6   0.0   4.1 50.3
2021058  14.1  16.9  -5.0   0.0   2.7 58.9
2005059  15.1   4.4  -7.2   0.0   2.1 54.5
2005060  16.3  15.0  -9.5   0.0   2.3 56.5
2005061  14.5  11.9  -7.6   0.0   1.3 55.5
2005062  16.0  16.9  -1.6   0.0   1.3 51.9
2005063  16.6  20.6  -1.2   0.0   1.3 52.6
2005064  16.6  21.3  -5.7   0.0   2.6 56.1
2005065  16.7  20.7  -5.7   0.0   2.6 48.3
2005066  11.7   6.8  -3.9   0.0   2.9 60.8
2005067  10.2   5.9  -0.7   0.0   2.6 68.0
2005068  14.1  15.5  -1.5   0.0   2.1 61.6
2005069  15.4  14.9  -5.0   0.0   3.4 47.5
2005070  15.6  21.5  -1.5   0.0   2.5 42.3
2005071  12.5  10.9  -0.5   0.0   3.9 45.1
2005072  11.0   6.3  -5.3   0.0   2.0 61.8
2005073  15.8   9.6  -3.1   0.0   1.8 61.9
2005074  16.7   6.1 -12.7   0.0   1.7 57.4
2005075  17.4  15.9 -12.3   0.0   1.7 48.6
2005076  12.4  15.6  -4.8   0.0   2.0 48.9
2005077   9.8   2.8  -5.0   0.0   3.2 69.7
2005078  17.4   4.9  -9.6   0.0   2.8 66.8
2005079  13.6  13.9   4.6   6.0   4.9 66.5
2005080   3.6   0.3   4.6  10.0   3.5 95.0
2005081   4.6   4.0   4.6  12.0   2.9 94.3
2005082   6.9   0.6  -3.2   0.0   2.8 91.7
2005083   2.9   2.6  -3.2   1.0   2.7 92.1
2005084   5.2   3.7  -3.9   0.0   3.1 90.3
2005085  11.3   7.2  -4.1   0.0   1.0 74.7
2005086  18.8  18.4  -4.8   0.0   2.4 58.9
2005087  15.6  20.9   2.8   0.0   2.7 49.5
2005088  16.8  21.6   5.3  11.0   2.7 59.7
2005089  15.4  13.3   0.4   4.0   2.6 58.5
2016090  10.4  14.3  -1.0   0.0   3.0 90.0
2016091  18.1  11.8   3.3   0.0   2.8 67.2
2016092  22.7   4.9   2.4   0.0   2.5 57.1
2016093  25.5  19.9   1.4   0.0   2.2 54.0
2016094  24.8  25.2   1.6   0.0   2.1 49.7
2016095  25.3  17.5  -0.7   0.0   3.9 60.2
2016096  19.0  18.5   5.1   0.0   3.3 48.2
2016097  24.9  21.0   6.3   0.0   3.0 41.1
2016098  25.6  15.7   0.1   0.0   3.4 41.9
2016099  26.6  18.2   0.2   0.0   2.3 49.9
2016100  26.4  22.0   2.9   0.0   4.2 48.9
2016101  20.8  20.3   4.5   1.8   3.3 65.3
2016102  21.8  15.4   0.2   0.0   1.7 64.8
2016103  26.1  21.1   4.2   0.0   4.8 58.9
2016104  27.0  21.6   6.0   0.0   3.0 58.5
2016105  24.6  22.4   3.6   0.0   6.4 70.4
2016106  12.3  17.6  12.0  40.9   5.7 83.3
2016107   3.8  12.4   1.9  59.2   3.8 97.7
2016108  10.1   5.1   3.3   5.1   3.7 94.3
2016109  15.2   9.8   0.5   1.5   1.6 83.3
2016110  15.8  14.9   2.1   0.0   1.7 76.3
2016111  17.5   9.1   7.8   1.5   1.5 85.2
2016112  27.3  20.7   7.6   0.0   2.3 64.6
2016113  28.9  25.1  -0.8   0.0   3.5 67.5
2016114  24.8  22.9   9.1   0.0   6.0 60.2
2016115  24.1  22.0  12.2   0.0   2.3 49.5
2016116  28.2  19.6   5.1   0.0   1.9 62.2
2016117  13.6  11.9   4.3   3.8   4.7 87.7
2016118  12.0   3.4   3.1  12.2   3.0 87.9
2016119  17.3  10.0  -0.2   1.5   1.7 81.5
2008120  24.9  19.1   3.2   0.0   4.7 60.5
2008121  26.9  22.8   7.9   0.0   3.0 62.2
2008122  15.3  17.2   5.9   0.5   3.1 74.6
2008123   3.3   7.1  -0.7   7.9   3.7 86.3
2008124  28.1  12.5   0.3   0.0   1.9 56.2
2008125  27.3  25.0   2.9   0.0   1.9 50.4
2008126  27.3  21.2   5.3   0.0   2.4 58.6
2008127  19.9  28.8  12.1   0.0   2.4 66.4
2008128  25.9  18.4   5.1   0.0   3.3 70.2
2008129   4.8  10.1   8.8   3.3   2.7 88.0
2008130  21.8  19.8   5.8  15.5   2.6 76.1
2008131   4.4  14.1   3.1  17.5   3.4 87.8
2008132  28.0  15.1   3.1   0.0   3.6 64.5
2008133  27.2  25.1   3.6   0.0   4.9 55.2
2008134  16.3  18.0   0.7   0.0   3.4 66.9
2008135  21.3  15.8  -2.2   0.0   2.2 64.4
2008136  19.7  15.5   7.7   5.1   2.7 66.4
2008137  25.7  23.9   4.5   0.0   1.9 59.8
2008138  28.6  24.9   6.3   0.0   3.0 51.5
2008139  28.4  26.9   5.6   0.0   1.5 51.0
2008140  20.3  27.0   9.6   0.0   2.3 54.0
2008141  22.7  23.6   7.7   0.0   1.9 61.2
2008142  19.5  22.4  13.1   0.0   6.1 56.2
2008143   2.1  16.9  10.7  25.4   6.6 84.6
2008144   1.0  11.7  10.7  22.4   7.2 94.5
2008145  28.5  23.0  14.4   0.3   4.2 65.2
2008146  29.5  26.7  10.4   0.0   1.6 55.6
2008147  13.4  15.7   4.3  14.0   5.0 75.3
2008148   5.9   9.5   3.4  25.4   3.6 93.5
2008149   7.9  11.2   6.7   0.0   2.9 92.4
2008150  20.4  26.2   9.4   0.3   3.3 75.6
2016151  26.3  28.2  16.0   5.1   2.6 67.9
2016152  25.1  24.0   8.5   0.0   1.4 62.8
2016153  27.9  24.4  11.4   0.0   1.4 65.7
2016154  28.3  26.1  13.5   0.0   3.0 68.3
2016155  27.5  28.4  14.6   0.0   2.9 59.5
2016156  29.5  23.8  10.9   0.0   2.0 53.6
2016157  30.1  26.4   7.8   0.0   1.0 57.9
2016158  28.8  28.6   8.5   0.0   2.4 59.3
2016159  28.8  30.6   9.8   0.0   3.1 65.9
2016160  27.5  31.6  21.1   1.5   3.2 54.3
2016161  28.4  33.6  20.1   2.8   2.4 58.2
2016162  27.8  33.1  18.6   0.0   2.5 59.4
2016163  27.3  31.2  20.9   0.0   3.8 60.6
2016164  21.8  34.3  20.1   0.0   3.2 61.1
2016165  23.3  27.4  16.9  10.9   2.1 73.0
2016166  28.0  27.7  14.0  20.8   2.0 65.7
2016167  28.8  33.3  13.5   0.0   2.9 46.6
2016168  28.4  32.3  20.1   0.0   4.2 50.7
2016169  25.0  32.2  17.9   7.1   2.6 64.0
2016170  26.2  26.2  18.6   0.0   2.9 67.1
2016171  28.6  30.9  19.6   0.0   3.5 63.8
2016172  23.1  27.1  19.8   0.0   3.2 60.3
2016173  27.8  32.1  13.4   0.0   2.6 56.3
2016174  25.7  28.8  13.6   0.0   3.3 56.1
2016175  25.5  27.1  13.3   0.0   2.9 68.0
2016176  27.8  33.7  17.7   0.0   3.8 59.5
2016177  16.7  28.2  15.1   0.0   2.5 68.0
2016178  26.9  34.3  10.3  10.9   2.6 68.0
2016179  23.1  29.1  20.6   0.5   2.5 71.5
2016180  26.2  27.7  12.4  12.9   2.7 73.7
2023181  14.0  23.6  19.4  12.4   1.9 78.3
2023182  21.5  27.6  12.1   0.8   1.9 75.4
2023183  29.1  31.4  13.0   0.0   2.2 66.2
2023184  29.4  32.7  17.4   0.0   3.4 62.4
2023185  23.6  27.9  16.6   4.8   4.0 70.1
2023186   8.5  17.9  15.0   0.3   2.4 78.3
2023187   9.6  19.4  12.9  13.2   1.8 83.3
2023188  25.1  27.4  18.4   9.1   2.5 72.4
2023189  13.8  18.1  11.8   0.8   0.9 81.5
2023190  28.8  26.6  14.3   0.0   2.4 72.6
2023191  28.0  31.4  17.1   8.4   3.3 69.8
2023192  25.8  31.9  17.6   0.0   2.9 72.8
2023193  27.7  32.2  19.3   0.0   1.6 70.3
2023194  18.7  31.8  18.4  17.5   2.6 70.1
2023195  20.0  25.2  13.8  12.2   2.1 73.0
2023196  24.5  24.5  11.9   0.0   1.4 68.8
2023197  23.1  30.1  20.0   0.3   1.7 65.3
2023198  26.5  28.1  19.9   0.0   1.9 79.7
2023199  18.7  25.1  19.2   0.0   2.2 82.1
2023200  10.7  27.9  23.6   0.0   1.1 76.9
2023201  11.7  20.3  17.2   5.1   1.2 77.0
2023202  27.3  28.5  12.3   0.3   1.3 74.3
2023203  27.1  31.6  13.7   8.4   1.7 64.9
2023204  27.3  35.5  14.9   0.8   2.2 69.8
2023205  26.4  34.4  19.4   0.0   1.9 55.5
2023206  25.0  34.4  20.8   0.0   1.7 67.7
2023207  24.1  36.1  18.8   0.0   1.9 55.6
2023208  27.1  35.1  22.4   0.0   1.9 47.6
2023209  24.4  35.3  16.3   0.0   1.6 58.3
2023210  26.4  31.7  19.1   0.8   1.9 66.7
2023211  24.4  34.0  17.6   0.0   2.2 68.1
2013212  22.5  25.1  16.0   0.0   2.1 78.0
2013213  20.1  31.2  17.7   9.7   2.9 68.9
2013214  23.4  26.7  16.9   0.0   2.6 79.0
2013215  10.6  24.0  16.1   0.0   3.4 78.5
2013216  13.8  26.0  17.7   0.0   3.1 80.5
2013217  16.1  29.3  18.4   0.0   2.6 76.7
2013218  22.3  30.8  18.6   0.0   2.5 76.7
2013219  16.8  25.4  14.3   0.0   2.2 71.5
2013220  12.8  25.8  15.6   1.3   1.8 68.2
2013221  20.7  24.7  14.4   0.8   1.7 71.1
2013222  24.9  30.9  13.5   0.0   2.9 63.7
2013223  19.5  29.5  16.3   1.3   2.2 67.6
2013224  22.3  29.1  13.5   0.0   1.6 78.3
2013225  16.3  20.5  18.7   0.0   3.1 77.0
2013226  16.4  25.0  16.1   0.0   3.1 72.6
2013227  20.5  25.4  13.1   2.0   2.1 71.7
2013228  15.3  27.8  17.5   0.0   2.5 79.9
2013229  10.4  22.8  15.8   0.0   3.6 81.1
2013230  15.3  26.3  16.7   0.0   3.7 76.8
2013231  22.6  34.9  11.8   0.0   2.6 62.8
2013232  22.4  34.2  19.8   0.0   3.6 55.2
2013233  21.7  34.9  15.8   0.0   3.3 56.0
2013234  18.6  29.0  15.9   0.0   3.0 80.4
2013235  17.9  33.2  15.7   0.0   3.1 66.8
2013236  22.2  36.4  18.9   0.0   5.3 49.0
2013237  22.2  37.4  20.9   0.0   5.4 43.5
2013238  22.3  37.0  22.2   0.0   3.9 42.7
2013239  22.6  35.1  24.2   0.0   2.7 44.8
2013240  20.1  36.2  19.2   0.0   2.7 52.1
2013241  22.4  37.5  16.5   0.0   1.6 57.2
2013242  20.9  30.4  17.0   6.3   2.2 65.6
2005243  19.5  29.1   9.9   0.0   2.3 55.7
2005244  22.7  24.8   8.0   0.0   1.8 63.5
2005245  20.9  26.3  16.8   0.0   3.7 70.3
2005246  21.1  29.4  12.1   0.0   3.8 65.2
2005247  20.7  34.2  17.4   0.0   5.1 53.6
2005248  19.0  33.4  20.1   1.5   3.9 59.9
2005249  17.7  27.8  14.2   9.4   2.4 80.5
2005250  15.7  25.6  19.9   3.0   2.4 77.4
2005251  19.8  33.9  11.3   0.0   2.1 67.9
2005252  19.9  30.1  17.1   0.0   5.3 56.2
2005253  19.9  32.7  21.3   0.0   4.7 49.9
2005254  18.6  34.6  23.2   0.0   5.2 55.5
2005255  20.3  29.1  13.4   0.0   2.4 66.9
2005256  18.5  17.6   7.8   0.0   1.7 64.9
2005257  19.2  26.4   5.8   0.0   2.4 56.1
2005258  20.0  25.7   6.9   0.0   2.5 64.5
2005259  19.1  24.2  13.4   0.0   5.1 60.0
2005260  20.3  34.8  13.1   0.0   2.5 53.5
2005261   7.5  18.7  17.0   0.0   1.9 87.2
2005262  18.3  25.3  15.2   0.0   1.6 66.7
2005263  19.6  31.0  10.1   0.0   2.5 55.8
2005264  17.0  33.4  15.3   0.0   1.8 60.0
2005265  14.3  22.1  15.9   0.0   2.9 55.8
2005266  16.4  23.3   7.8   0.0   3.6 65.8
2005267  15.2  28.1  13.6   0.0   3.7 74.3
2005268   4.0  16.7  10.4   0.3   2.3 92.0
2005269  18.1  26.8   6.1   0.3   1.6 62.4
2005270  18.3  31.5  12.1   0.0   2.4 41.4
2005271  12.3  18.6   3.2   0.0   3.2 61.4
2005272  14.4  22.4   0.2   0.0   3.5 63.5
2014273  17.2  25.8   6.1   0.0   2.8 61.6
2014274  15.1  23.4   8.4   9.9   1.4 68.6
2014275  16.3  21.5  10.3   1.5   2.2 65.3
2014276  18.6  13.3  -0.2   4.3   2.2 61.1
2014277  13.2  23.0  -1.9   0.0   1.0 63.2
2014278  14.2  21.0   5.8   0.5   1.4 61.6
2014279  15.2  23.9   6.6   0.0   1.2 60.4
2014280  16.3  26.3  10.4   0.0   1.3 58.4
2014281  12.2  21.2   5.1   0.0   2.0 69.4
2014282   9.4  19.4   2.4   0.0   1.8 77.1
2014283  10.0  15.1  10.0   0.0   1.9 67.8
2014284  16.4  23.0   2.7   0.0   3.7 73.4
2014285   4.9  13.0   8.5   0.0   3.9 74.9
2014286  15.8  12.3   2.3   0.0   3.1 61.8
2014287  16.2  18.4  -0.1   0.0   0.9 60.8
2014288  15.3  26.9   3.9   0.0   2.6 60.1
2014289  14.2  20.0   2.3   0.0   1.5 58.4
2014290  15.0  18.0   3.4   0.0   1.6 67.7
2014291  15.2  19.5  -1.0   0.0   2.7 69.8
2014292  14.4  25.1   0.9   0.0   1.8 59.0
2014293  14.6  25.6  -0.2   0.0   1.9 62.2
2014294  13.8  28.8   6.1   0.0   4.2 61.5
2014295   7.1  23.1   5.1   0.5   1.9 75.3
2014296   9.9  24.3   1.4   0.0   1.9 70.7
2014297  11.9  26.7   7.1   0.0   0.9 57.5
2014298  13.4  28.6   0.0   0.0   1.5 65.3
2014299  12.9  27.7   3.0   0.0   1.1 58.3
2014300   8.4  16.4  -4.5   0.0   1.9 60.3
2014301  13.0  13.6  -5.5   0.0   1.1 61.4
2014302  13.1  22.9  -3.2   0.0   1.7 55.7
2014303  13.1  22.4   3.3   0.0   2.5 58.6
2019304  13.3   6.5 -10.8   0.0   2.2 56.8
2019305   7.5   8.7  -5.3   2.0   2.3 62.5
2019306  12.9  13.3  -7.8   0.0   2.1 53.2
2019307  10.6  16.4  -6.6   0.0   2.1 51.3
2019308   2.1   5.4   2.8   2.3   0.7 84.8
2019309   8.8  15.8  -3.4   0.0   2.5 73.2
2019310   1.9   8.5 -10.3   0.0   3.4 85.3
2019311   9.8   4.2 -15.9   0.0   2.3 67.2
2019312  11.9  18.2  -8.8   0.0   2.5 54.4
2019313  11.2  23.3   3.0   0.0   2.0 44.8
2019314   8.9   8.8  -6.0   4.1   3.6 77.7
2019315  11.9  -5.1 -16.3   0.0   4.4 70.8
2019316  11.4   5.6 -14.0   1.5   2.6 60.5
2019317   7.4   5.2  -9.9   0.0   2.3 75.0
2019318  11.1  16.3  -3.6   0.8   2.0 67.3
2019319  10.0  15.6  -0.9   1.5   2.6 60.4
2019320   5.4  17.4  -2.8   0.0   2.5 57.2
2019321  10.5  11.3   3.2   0.0   2.5 60.1
2019322  10.3  18.3  -1.5   0.0   3.0 49.8
2019323   9.7  16.0  -3.5   0.0   2.5 60.4
2019324   8.8  10.3  -3.9   0.0   3.7 71.3
2019325   7.0   0.5 -10.1   0.0   3.8 63.9
2019326   6.2  -2.7  -6.6   0.0   1.9 68.8
2019327  10.4  13.5  -4.0   0.0   2.5 56.9
2019328   9.1  22.4   0.7   0.0   2.3 43.1
2019329   9.1   8.9  -1.0   0.3   2.1 49.9
2019330   2.5   1.9  -5.8   0.0   5.3 81.7
2019331  10.0  -0.1 -16.9   0.0   1.5 78.5
2019332   4.7  -1.0  -8.0   0.5   4.1 89.8
2019333   2.1  -3.3  -8.0   0.0   2.8 95.9
2023334   8.0   4.3  -3.9   0.0   2.7 65.4
2023335   6.5   3.2 -10.4   0.0   2.1 70.4
2023336   8.2   8.6  -3.1   0.0   2.7 56.5
2023337   6.1   6.2  -4.6   0.0   3.2 58.0
2023338   3.8   6.6  -8.2   0.0   2.5 69.8
2023339   5.7  15.5  -4.1   0.0   2.3 67.9
2023340   7.0  18.9  -1.2   0.0   1.9 57.1
2023341   8.6  15.8  -1.2   0.0   3.1 56.2
2023342   5.0   7.9  -5.3   0.0   3.3 51.2
2023343   7.6   4.3  -8.5   0.0   4.3 53.4
2023344   5.1   5.8  -6.3   0.0   1.9 56.0
2023345   8.3  13.4  -7.1   0.0   1.9 60.1
2023346   5.0   4.3  -6.3   0.0   1.5 58.4
2023347   5.7   5.3 -10.0   0.0   1.4 64.6
2023348   1.4   4.3 -10.0   1.0   3.9 85.2
2023349   8.0   6.1  -1.2   0.0   3.0 63.3
2023350   8.2  10.5  -8.5   0.0   2.4 57.5
2023351   8.0  12.7  -1.9   0.0   2.2 47.0
2023352   7.7   8.2  -8.6   0.0   3.7 64.3
2023353   6.3  20.8  -3.3   0.0   2.1 58.6
2023354   4.9   6.7  -6.5   0.0   1.0 61.9
2023355   5.2  13.9  -4.8   0.0   1.8 63.5
2023356   7.8  18.5  -2.3   0.0   1.8 59.8
2023357   1.9  12.6   2.8   0.5   2.9 81.8
2023358   1.9   7.4  -2.5   7.1   6.2 80.3
2023359   3.0  -2.7 -10.3   0.0   7.1 72.7
2023360   3.4  -2.3 -10.3   0.0   6.7 82.0
2023361   3.8   1.6  -1.7   0.5   3.5 85.4
2023362   7.2   1.6  -2.4   0.0   2.7 76.4
2023363   8.3   7.8  -8.2   0.0   1.7 70.2
2023364   8.2   9.2  -1.2   0.0   1.3 69.4
