2017001   4.2   6.4  -9.3   0.0   2.2 73.9
2017002   1.5  -0.8  -7.1   0.0   2.1 87.2
2017003   7.5 -12.1 -14.5   0.0   3.1 66.2
2017004   4.0 -12.5 -15.7   0.0   1.3 86.9
2017005   6.8 -17.1 -22.0   0.0   1.1 72.2
2017006   9.4 -12.2 -26.7   0.0   1.1 70.7
2017007   9.8  -8.3 -21.8   0.0   1.0 76.4
2017008   9.0  -0.8 -19.4   0.0   2.1 77.4
2017009   5.6  12.1  -8.6   0.0   2.0 76.2
2017010   8.8  12.9  -5.2   0.0   2.5 65.6
2017011   7.7   1.2 -14.8   0.0   4.0 75.9
2017012   5.9 -11.9 -16.1   0.0   1.3 76.3
2017013   5.8  -1.2  -8.9   0.0   2.5 66.2
2017014   7.4   3.6  -7.4   0.0   1.1 71.8
2017015   2.0  -4.7 -12.7   0.0   1.1 78.5
2017016   2.8   4.4  -0.8   0.0   1.7 86.3
2017017  10.6   5.4  -6.7   0.0   1.6 69.0
2017018   8.9  14.8  -4.0   0.0   1.8 75.2
2017019   3.7   2.1  -2.4   0.0   1.6 96.8
2017020   4.2   1.9  -0.3   0.0   1.4 87.4
2017021  10.1  14.1  -4.6   0.0   1.0 73.3
2017022  10.6  14.5  -3.1   0.0   1.0 67.5
2017023  10.2   9.9  -8.6   0.0   2.3 70.4
2017024   2.6  -0.7  -8.6   0.0   3.5 91.2
2017025   7.1  -5.8  -6.9   0.0   2.4 79.6
2017026  11.0   7.2  -6.9   0.0   1.6 66.6
2017027  11.2   1.2 -12.7   0.0   2.0 65.5
2017028   8.5   7.8   0.4   0.0   1.6 60.5
2017029  10.7   8.6  -2.0   0.0   1.9 52.7
2017030  10.9   9.1  -0.1   0.0   1.4 47.3
2011031   4.3 -11.8 -22.6   0.0   4.6 80.6
2011032  10.4 -21.2 -22.6   0.0   4.2 71.3
2011033  14.2 -14.6 -16.5   0.0   1.9 64.6
2011034  12.0   0.3 -19.7   0.0   1.7 64.0
2011035  10.3  14.6  -4.5   0.0   1.3 72.1
2011036   8.1  12.9  -7.0   0.0   2.4 81.0
2011037   5.2   2.9  -0.6   0.0   3.0 77.0
2011038   8.3   0.0  -8.5   0.0   3.4 75.5
2011039   8.2 -11.7 -19.9   0.0   3.5 74.7
2011040  15.4  -6.7 -22.2   0.0   1.8 65.0
2011041  13.6   3.8 -14.4   0.5   1.8 65.0
2011042  13.5  13.8  -5.4   0.0   2.0 62.2
2011043  12.3  13.5  -4.3   0.0   1.9 62.4
2011044  14.2  19.5  -6.7   0.0   2.4 51.5
2011045  13.0  11.2  -3.2   0.0   3.1 60.6
2011046  14.7  17.6  -5.6   0.0   2.7 49.6
2011047  14.7  18.5   1.8   0.0   2.4 42.2
2011048  15.0  11.7  -6.9   0.0   1.7 48.4
2011049  12.0  13.3  -4.4   0.0   2.4 43.1
2011050  14.7  12.8  -5.1   0.0   2.5 68.9
2011051   5.6  -0.2  -9.2   4.6   0.6 90.8
2011052  13.8  -4.7 -14.3   0.0   1.0 85.0
2011053  15.3  11.9 -10.8   1.3   2.5 67.0
2011054  16.3  14.2  -8.3   0.0   2.5 60.2
2011055   6.2  -6.6  -9.8   0.0   4.7 82.3
2011056   8.9 -13.5  -9.8   0.0   2.8 87.5
2011057   8.2  -2.8 -14.5   0.0   3.3 94.4
2011058  10.9   2.1  -5.0   1.5   2.8 80.3
2008059  10.9  15.5  -1.4   0.0   2.1 60.6
2008060  16.1  17.0   1.0   0.0   2.3 53.7
2008061  16.1  21.2   3.7   0.0   2.9 45.5
2008062   3.4   7.9   1.9   0.0   4.8 67.4
2008063  18.1   4.9  -7.9   0.0   2.2 53.1
2008064  11.1  12.2  -4.5   0.0   2.8 56.6
2008065  18.7  -0.7 -12.6   0.0   3.5 64.5
2008066  15.0   8.0 -14.9   0.0   2.3 56.7
2008067  19.6  -1.6 -10.1   0.0   2.9 62.9
2008068  17.1  14.8  -6.5   0.0   2.4 52.6
2008069  18.5   5.4  -3.3   0.0   1.6 57.7
2008070  18.2  16.2  -4.1   0.0   2.0 52.3
2008071  18.6  18.5  -8.9   0.0   1.8 45.1
2008072  17.8  15.5   0.0   0.0   2.3 41.5
2008073  17.8  16.0  -3.9   0.0   1.4 51.1
2008074  14.7   9.7  -1.1   0.0   3.5 51.4
2008075  18.6   8.6  -4.8   0.0   1.9 59.5
2008076   3.6   3.0  -4.5   0.0   4.1 79.4
2008077   7.3   3.2  -6.0   0.0   1.6 89.5
2008078  20.6  17.4  -9.2   0.0   1.1 68.0
2008079  20.3  13.0  -5.8   0.0   1.6 58.1
2008080  19.7  20.6   3.6   0.0   3.0 50.4
2008081  18.4  13.6   2.8   0.0   1.9 61.2
2008082  16.0   9.7  -4.2   0.0   2.9 72.5
2008083  18.9  10.3  -5.1   0.0   1.8 60.0
2008084  18.0  22.1  -5.9   0.0   3.1 47.4
2008085  20.8  14.5  -1.7   0.0   2.5 40.6
2008086  17.6  15.7  -7.9   0.0   3.8 52.3
2008087   4.8   7.1   2.4   0.0   3.2 79.1
2008088  21.1  16.5   3.8   0.0   2.4 55.5
2008089  19.3  11.5   1.5   0.0   5.6 63.1
2021090  19.6   6.0  -6.0   0.0   3.0 48.9
2021091  22.9  20.8  -3.4   0.0   3.4 38.2
2021092  23.4  23.2   1.8   0.0   2.9 42.0
2021093  23.2  25.5  -1.2   0.0   3.1 45.1
2021094  19.3  26.3  -3.6   0.0   1.9 50.7
2021095  21.2  27.4   8.6   0.0   2.4 47.0
2021096  16.7  10.0   2.6   0.0   3.1 73.8
2021097   7.0   9.2  -3.3   0.0   7.0 64.8
2021098  16.7  21.0   1.9   0.0   7.6 49.4
2021099   6.9   6.3  -3.8   0.0   4.3 69.6
2021100  24.7  21.2   0.7   0.0   2.1 49.6
2021101  24.5  14.1   2.6   0.0   5.8 37.3
2021102  22.7  13.0  -6.5   0.0   3.4 40.9
2021103  21.5  15.0   1.9   0.0   3.3 45.2
2021104  21.9   6.7  -9.3   0.0   3.4 66.7
2021105  17.7   4.8   1.1   0.0   3.2 74.3
2021106   5.3   8.0   1.7   0.0   3.7 93.7
2021107  14.6   7.4  -2.8   0.0   3.9 75.5
2021108  15.9  21.2   1.4   0.0   3.2 57.3
2021109  20.8  -0.1   1.4   0.0   4.5 78.6
2021110  13.5   4.9  -9.2   0.0   4.4 58.3
2021111  22.1   7.6  -6.0   0.0   4.3 57.5
2021112  19.3  12.1  -2.4   0.0   3.8 56.4
2021113  19.0  18.1   1.7   0.0   3.8 59.8
2021114  22.3  13.7   0.6   0.0   2.5 65.9
2021115  25.9  27.4   9.0   0.0   3.8 49.7
2021116  24.6  25.5   6.9   0.0   2.4 58.3
2021117  15.8  19.8   8.0  20.1   5.6 76.5
2021118   7.6  17.5   3.4   0.3   3.4 75.3
2021119  27.1  17.0   5.2   0.0   2.8 58.5
2012120  17.2  21.9   2.3   0.0   1.8 73.4
2012121  23.9  21.0   1.4   0.0   3.0 69.7
2012122  15.2  22.9  11.4   0.0   2.5 81.8
2012123  23.7  23.5  10.2   0.0   1.1 52.7
2012124  23.6  27.8   8.2   0.0   1.8 59.7
2012125  24.0  29.9  16.0   0.0   2.3 62.0
2012126  25.1  28.2  16.2   0.0   3.5 72.2
2012127  19.8  19.6   6.2   0.0   4.0 59.9
2012128  16.4  22.9   5.6   0.0   1.6 52.1
2012129  27.6  20.0   0.7   0.0   1.7 54.2
2012130  27.3  24.9   4.9   0.0   2.8 61.1
2012131  27.6  35.1   7.3   0.0   3.2 46.8
2012132  19.5  11.8   8.2   0.0   4.5 60.0
2012133  11.6  14.8   6.3   2.8   0.9 77.7
2012134  20.7  21.9   7.9   0.0   1.2 65.5
2012135  27.9  24.5   0.5   0.0   1.3 55.5
2012136  27.9  24.2  10.5   0.0   2.8 44.6
2012137  26.7  25.0   2.1   0.0   4.2 53.3
2012138  24.3  33.5  12.9   0.0   4.0 34.2
2012139  25.1  31.6   7.4   0.0   4.1 49.4
2012140  11.6  21.7   6.0   1.8   3.9 70.2
2012141  27.0  17.9   6.3   0.0   1.8 65.2
2012142  26.0  23.5  12.7   1.0   4.8 51.7
2012143  26.0  34.3  13.1   0.0   6.4 50.9
2012144  19.3  26.9  13.3   0.5   3.7 57.3
2012145  26.3  18.4  10.0   9.1   2.1 67.7
2012146  10.8  15.1   8.9   0.0   3.1 78.9
2012147  25.1  33.4  12.4   0.0   4.4 58.4
2012148  25.2  25.8  20.9   0.0   2.6 41.1
2012149  28.6  24.8   9.4   0.0   1.6 39.8
2012150  28.7  27.3  10.6   0.0   1.5 53.5
2006151  21.7  25.8  11.6   0.0   2.3 67.3
2006152  27.5  27.6  10.0   0.0   1.6 53.6
2006153  28.9  28.7  15.9   0.0   3.7 47.6
2006154  25.6  31.1  18.2   0.0   4.9 43.4
2006155  27.2  28.2  17.9   0.0   2.9 50.6
2006156  23.6  33.3  15.9  11.2   3.1 63.9
2006157  29.1  31.5  14.9   0.0   2.2 59.5
2006158  27.8  33.2  20.2   0.0   5.3 52.9
2006159  25.0  34.9  18.5   0.0   5.9 37.2
2006160  27.9  36.9  18.8   0.0   2.4 44.4
2006161  22.8  25.1  13.3  50.3   3.7 71.6
2006162  24.1  25.7   8.5   0.0   2.3 75.7
2006163  24.8  28.0  13.5   5.1   3.0 74.1
2006164  27.8  28.9  15.4   0.0   4.5 64.3
2006165  26.7  36.9  19.8   0.0   6.5 42.9
2006166  20.1  29.7  20.3   0.0   3.4 49.6
2006167   8.1  21.8  17.5  23.4   2.4 83.0
2006168  13.2  24.5  15.8  42.2   1.4 77.7
2006169  28.6  31.9  15.9   0.0   2.9 59.2
2006170  28.8  24.6   8.7   0.0   3.1 72.5
2006171  25.6  28.1  22.6   0.0   3.5 59.2
2006172  24.8  26.6  17.7   0.0   2.9 62.5
2006173  14.5  21.9  12.7   2.0   1.4 76.4
2006174  26.1  24.1  12.3  11.4   2.2 68.9
2006175  26.1  28.1  15.5   0.3   2.0 65.2
2006176  28.1  22.9   8.7   0.0   2.9 68.0
2006177  28.1  25.2  11.0   0.0   1.5 65.0
2006178  27.9  28.4  12.4   0.0   1.4 56.1
2006179  28.3  30.6  11.8   0.0   2.5 61.4
2006180  28.4  29.0  15.9   0.0   2.2 61.5
2021181  15.3  28.4  12.7   0.0   1.2 75.6
2021182  25.9  28.7  12.1   0.0   1.6 67.3
2021183  25.5  27.6  19.8   0.0   2.5 62.2
2021184  27.4  29.9  17.4   0.0   3.8 62.1
2021185  28.3  38.1  16.7   0.0   3.0 59.3
2021186  27.9  36.6  17.1   0.0   2.5 64.8
2021187  19.1  25.9  18.4   6.9   2.6 78.4
2021188  25.9  25.5  17.3   0.0   2.1 72.3
2021189  27.4  35.0  16.8   0.0   6.1 55.6
2021190  24.8  29.3  16.2   4.8   2.4 61.4
2021191  24.7  28.0  11.4  12.9   4.4 69.0
2021192  28.3  27.7  12.4   0.0   1.5 67.8
2021193  27.0  29.9  12.8   0.0   2.1 61.4
2021194  16.0  28.9  13.0   8.1   2.0 67.4
2021195  14.5  30.5  18.6   0.0   3.9 69.0
2021196  22.7  29.1  14.9   0.0   1.2 75.3
2021197  19.5  29.3  16.9   8.4   3.1 71.7
2021198  25.8  32.8  16.1  19.3   1.6 71.9
2021199  25.1  27.6  24.5   0.0   2.6 73.6
2021200  25.7  28.5  17.7   0.0   2.3 75.6
2021201  24.7  26.1  11.9   0.0   2.9 73.2
2021202  24.7  31.1  19.2   0.0   5.2 60.1
2021203  26.2  35.9  16.3   0.0   4.5 52.8
2021204  25.9  34.6  23.1   0.0   3.4 49.6
2021205  23.1  33.4  19.3   0.0   1.8 62.2
2021206  21.8  31.7  16.7   0.0   2.1 72.5
2021207  26.0  33.0  16.5   0.0   3.4 67.6
2021208  24.9  34.1  16.6   0.0   2.9 61.5
2021209  25.2  35.6  22.8   0.0   4.1 51.6
2021210  23.4  32.7  22.7   0.0   2.6 63.5
2021211  21.6  37.9  24.1   0.0   1.9 70.2
2009212  23.9  32.2  13.9   8.6   2.4 67.7
2009213  26.6  26.0   7.8   0.0   2.7 46.3
2009214  26.4  30.3  12.9   0.0   2.3 55.4
2009215  25.1  31.8  12.8   2.5   1.9 70.4
2009216  24.6  25.8  13.6   9.0   3.0 59.8
2009217  21.4  27.2  16.7   0.0   3.3 58.5
2009218  16.8  25.3  18.9  37.3   4.2 58.9
2009219  23.4  32.1  16.3   0.0   2.3 55.1
2009220  23.6  26.6  15.9   0.0   3.5 59.3
2009221  22.6  28.5  17.4   5.1   2.6 59.7
2009222  21.3  27.8  19.9   1.8   1.8 59.2
2009223  23.9  29.7  14.3   1.0   2.3 67.0
2009224  23.6  31.6  17.3   8.6   3.2 61.5
2009225  22.4  29.5  18.7   0.0   3.1 63.4
2009226  18.1  30.8  16.4   2.3   4.7 72.6
2009227  20.9  28.3  14.2   8.1   2.1 74.3
2009228  24.5  29.1  13.9   1.8   1.3 66.7
2009229  21.8  27.8  14.9   0.5   1.3 69.4
2009230  22.9  25.6  13.9   0.0   2.6 70.5
2009231  20.0  28.0  12.7   0.0   3.5 89.5
2009232  22.5  24.0  11.1   0.0   3.8 64.7
2009233  24.4  22.5   7.2   0.0   1.5 66.1
2009234  24.0  25.5   7.5   0.0   3.2 71.1
2009235  22.4  25.7  15.6   0.0   4.5 73.5
2009236  21.0  31.8  16.6   0.8   2.6 70.4
2009237  17.3  26.2  19.7   0.5   2.2 76.6
2009238  14.0  21.0  17.0   0.0   2.0 84.8
2009239  22.3  28.5  13.6   0.0   1.2 71.0
2009240  21.0  28.1  14.7   0.0   3.9 95.4
2009241  16.5  22.0   7.2   0.0   1.7 76.6
2009242  19.5  24.4  10.7   0.0   2.2 70.1
2023243  21.6  36.3  18.9   0.0   5.7 47.0
2023244  22.1  34.3  20.4   0.0   5.2 51.6
2023245  22.5  37.6  11.4   0.0   4.1 44.6
2023246  20.6  34.2  11.0   0.0   2.0 48.6
2023247  21.3  34.2  15.5   0.0   3.2 52.1
2023248  17.6  18.4   8.4   0.0   3.8 68.3
2023249  19.7  25.4  10.3   0.0   1.6 60.0
2023250  19.9  30.4   6.8   0.0   2.4 54.6
2023251  20.4  33.4   9.5   0.0   1.4 65.2
2023252  17.8  28.2  12.9   0.0   3.0 57.0
2023253   6.4  18.8  13.2  26.9   2.1 87.6
2023254  14.1  19.6   7.1   0.0   1.1 74.5
2023255  20.9  26.1  10.2   0.0   2.8 63.7
2023256  19.9  23.6   7.0   0.0   3.2 65.6
2023257  13.6  24.7  13.2   0.5   2.4 72.9
2023258  11.1  23.6  12.4  12.7   1.3 73.8
2023259  19.9  26.2   8.8   0.0   1.7 61.8
2023260  19.8  32.9   6.4   0.0   3.0 62.9
2023261  17.9  33.1   8.5   0.0   2.2 51.9
2023262  18.7  29.0   9.4   0.0   1.3 53.7
2023263  16.6  32.1   6.8   5.8   1.6 57.2
2023264  13.5  26.7  13.0   0.0   2.1 77.4
2023265   6.5  17.5  12.9   0.0   1.3 84.8
2023266  19.1  25.6  14.8   2.3   2.9 65.1
2023267  18.8  23.8   5.7   0.0   2.3 62.9
2023268  18.7  22.4   8.9   0.0   1.2 62.4
2023269  18.1  24.1   8.6   0.0   1.1 71.2
2023270  17.8  26.8   7.0   0.0   1.9 70.9
2023271  17.4  31.2   6.5   0.0   1.8 64.0
2023272  17.1  24.0  13.1   0.0   2.6 65.9
2012273  18.6  24.5   6.5   0.0   2.3 63.2
2012274  17.5  25.8  11.4   0.0   2.1 63.3
2012275  17.8  25.2   1.8   0.0   3.3 58.2
2012276  18.7  26.3  -1.1   0.0   3.0 57.7
2012277  17.0  26.6   7.8   0.0   4.3 43.9
2012278  18.0  11.4  -4.7   0.0   2.9 61.9
2012279   4.3   5.0  -1.1   0.5   1.1 82.4
2012280   5.0   2.2  -5.1   2.0   1.1 92.5
2012281  17.6  16.5  -5.0   0.3   2.0 66.7
2012282  16.9  23.7  -3.4   0.0   1.3 50.8
2012283  14.1   8.9  -4.9   0.0   2.4 64.2
2012284  16.4  17.2  -4.4   0.0   2.5 65.5
2012285  13.9   6.9  -0.6   0.0   3.2 63.3
2012286   4.9   7.5  -2.6   0.0   2.6 72.0
2012287  15.6  20.8   0.4   0.0   2.8 62.8
2012288  15.5  24.3   2.8   0.0   1.6 50.2
2012289  14.4  26.6   5.0   0.0   1.6 54.9
2012290  14.3  22.9   9.7   0.0   1.9 46.9
2012291  13.2  13.3   6.3   0.0   2.5 45.4
2012292  12.6  14.4   5.6   0.0   3.1 34.0
2012293  15.3  23.0  -4.0   0.0   1.4 36.8
2012294  14.1  29.8  -0.7   0.0   1.6 46.6
2012295  14.9  22.2   6.5   0.0   2.8 55.5
2012296   5.8  13.8   9.1   0.0   2.6 82.7
2012297   7.9  25.3   9.8   0.0   2.0 68.9
2012298   4.7  14.4  -4.4   0.0   4.9 73.7
2012299  14.2   5.6  -3.0   0.0   2.6 82.8
2012300   6.2   1.5  -4.0   0.0   2.0 81.9
2012301  10.8  11.5  -5.6   0.0   2.9 72.1
2012302   6.8   8.9  -0.5   0.0   3.2 71.6
2012303  12.7  19.8  -5.4   0.0   1.3 63.5
2011304  13.0  23.4  -0.6   0.0   1.7 58.0
2011305  12.5  16.7   4.3   0.0   4.1 54.8
2011306   6.4   1.3  -0.9   1.5   4.3 73.8
2011307  13.0   6.9 -11.7   0.0   1.9 59.9
2011308  12.1  10.2  -4.5   0.0   4.3 55.8
2011309  10.0  12.5   4.9   0.8   6.1 60.4
2011310  11.2   9.1   5.0   0.0   2.0 56.1
2011311   8.4   9.7  -5.1   0.0   1.9 59.8
2011312   7.7  10.6  -2.1   0.0   1.5 60.3
2011313  10.3   9.8 -10.3   0.0   1.5 61.8
2011314  11.6  15.9  -9.7   0.0   1.7 58.7
2011315  11.7  23.1  -1.2   0.0   1.7 40.3
2011316  10.3  20.9  -6.2   0.0   1.3 51.5
2011317   7.5  17.4   5.6   0.0   3.0 42.5
2011318  10.0  12.8   0.5   0.0   3.1 39.7
2011319  10.9   9.9 -10.7   0.0   2.1 52.9
2011320   6.6   1.0  -6.5   1.3   1.5 77.4
2011321  10.5  11.3  -7.4   0.0   3.0 62.3
2011322  10.4  23.2  -6.0   0.0   2.2 52.2
2011323   3.5  -4.8  -8.3   0.0   3.7 82.2
2011324   8.1   0.8  -7.5   0.0   2.0 72.6
2011325   8.9   8.9  -9.6   0.0   1.9 70.1
2011326   9.7  16.2 -11.5   0.0   1.0 62.5
2011327  10.0  18.3  -2.6   0.0   2.0 52.0
2011328  10.1  21.6  -0.6   0.0   1.5 53.1
2011329   3.6  12.1  -4.0   0.0   1.5 55.3
2011330   9.4   4.0  -3.4   0.0   3.9 43.9
2011331   9.9   7.2  -8.3   0.0   1.7 52.5
2011332   9.6  18.9  -4.0   0.0   3.1 51.6
2011333   9.3   8.0  -7.6   0.0   2.2 58.4
2014334   7.8 -10.0 -12.6   0.0   4.8 65.2
2014335   9.0  -2.7  -6.6   0.0   3.5 35.3
2014336   9.3  10.5  -7.4   0.0   2.4 48.6
2014337   7.1   5.4 -11.9   0.0   2.1 62.2
2014338   6.2  11.0  -9.2   0.0   2.8 52.2
2014339   8.8  14.8  -3.0   0.0   1.6 63.8
2014340   6.9   1.7  -5.6   0.0   2.0 69.5
2014341   5.3  13.1  -4.4   0.0   2.4 66.2
2014342   8.7  13.2  -8.1   0.0   0.9 63.8
2014343   4.9   2.3  -9.7   0.0   1.7 79.3
2014344   6.3  11.9 -10.9   0.0   1.0 67.4
2014345   3.7   9.4  -2.5   0.0   1.8 78.9
2014346   2.6  13.4   2.6   0.0   3.0 90.7
2014347   1.8   9.1   3.1   0.0   3.1 85.2
2014348   0.8   9.7   1.0   0.0   3.6 95.7
2014349   4.0   0.9   1.0   0.0   3.5 91.8
2014350   5.1  -0.5  -9.4   0.0   1.9 87.3
2014351   2.8 -11.3  -9.4   0.0   2.5 97.7
2014352   2.7  -4.3  -9.3   0.0   1.6 96.4
2014353   6.8   2.3  -7.2   0.0   1.4 78.5
2014354   6.5   2.2  -9.0   0.0   0.9 83.8
2014355   4.4   4.3  -5.2   0.0   1.8 82.7
2014356   7.1   9.9   1.3   0.0   2.1 69.1
2014357   3.5  -4.7  -9.9   0.0   3.5 84.9
2014358   8.8   3.5  -7.6   0.0   2.0 70.1
2014359   8.4   7.3  -6.2   0.0   3.8 76.7
2014360   2.2  -0.7  -7.0   0.0   4.0 93.5
2014361   8.9   0.8 -13.2   0.0   1.1 83.4
2014362   6.4  -4.1 -13.1   0.0   0.8 80.3
2014363   4.8 -10.1 -16.1   0.0   4.8 90.0
2014364   6.9 -16.6 -24.3   0.0   2.5 78.6
