2012001   8.2  -8.1   4.4   0.0   1.8 57.7
2012002   9.1 -14.0   5.4   0.0   2.0 61.7
2012003   6.0  -2.3  19.4   0.0   1.6 54.7
2012004   8.6  -1.1  10.3   0.0   1.6 54.9
2012005   9.1   1.2  14.9   0.0   1.5 42.9
2012006   7.9 -11.3  14.3   0.0   2.4 50.6
2012007   2.5  -6.1  -1.9   0.0   1.4 77.3
2012008   7.0  -8.9   3.6   1.0   1.5 72.7
2012009   9.0  -8.6  12.4   0.0   1.1 63.8
2012010   9.3  -3.9  11.3   0.0   1.6 61.4
2012011   4.2 -11.6   6.4   0.0   4.7 59.0
2012012   9.4 -15.7   0.1   0.0   1.9 45.7
2012013   8.7  -7.3   2.6   0.0   1.7 54.7
2012014   9.5  -7.0  11.6   0.0   2.5 47.5
2012015   9.6 -10.7  15.1   0.0   1.7 47.2
2012016   8.8 -12.6  -1.7   0.0   4.7 67.8
2012017  10.4 -13.8   0.5   0.3   2.1 64.3
2012018   7.9 -10.0  13.2   0.0   3.0 51.1
2012019   9.8 -14.6  -6.9   0.0   3.5 55.8
2012020   8.6  -5.8  -4.5   0.0   3.2 57.0
2012021   8.5  -8.1   5.9   0.0   4.1 59.6
2012022   3.2 -11.3   4.8   0.0   2.6 74.1
2012023  10.6  -8.6  10.7   0.0   1.4 49.6
2012024   5.2  -8.4   7.2   0.0   1.4 65.3
2012025  10.7 -12.5   9.4   0.0   1.7 61.6
2012026  11.2  -4.8  14.5   0.0   2.3 55.9
2012027   8.5  -5.9   3.1   0.0   3.1 65.6
2012028  10.9  -9.3   2.4   0.8   1.7 53.1
2012029   6.6 -10.3  15.7   0.0   2.0 44.3
2012030  10.8  -4.4  18.1   0.0   1.6 39.0
2009031  12.7  -2.8  16.3   0.0   1.6 66.3
2009032   8.7  -4.1   6.8   0.0   1.4 62.8
2009033   8.1  -4.5   4.3   0.0   1.7 58.8
2009034  12.3  -5.7   4.1   0.0   2.6 65.1
2009035  12.5  -8.8  21.1   0.0   2.3 52.0
2009036  13.5  -3.5  16.1   0.0   1.2 49.2
2009037  12.0  -8.0  19.1   0.0   1.6 45.5
2009038  12.1   1.4  13.5   0.0   2.3 58.4
2009039   3.2  -6.8   7.6   0.0   2.5 84.0
2009040   3.0   8.0  13.1   0.0   4.6 80.8
2009041  11.5   3.0   9.9   0.0   2.4 68.7
2009042  12.4  -6.3   3.9   0.0   1.6 64.5
2009043  12.6  -8.6   6.8   0.0   1.5 62.2
2009044  11.3 -14.0   0.9   0.0   2.9 79.8
2009045   9.9 -12.9  -4.4   0.0   1.9 72.0
2009046  13.0  -8.3   1.7   0.0   2.6 73.5
2009047  14.5 -12.5   8.3   0.0   2.2 79.8
2009048  14.1 -10.2  14.2   0.0   1.2 74.3
2009049  11.3 -10.8   1.4   0.0   2.5 71.6
2009050  13.5 -10.6   4.8   0.0   1.4 76.2
2009051  11.6  -7.3  10.1   0.0   2.9 69.1
2009052  15.2  -9.7   4.6   0.0   1.7 57.7
2009053  14.2 -13.3   5.7   0.0   2.5 61.3
2009054  12.2  -3.3   6.0   0.0   2.3 61.9
2009055  15.2  -2.7  20.5   0.0   1.5 54.9
2009056  13.9   2.0  16.7   0.0   2.2 64.1
2009057  14.8 -14.8   2.6   0.0   3.4 79.4
2009058   5.7 -10.0  -5.7   0.0   2.4 86.8
2004059  10.6  -0.3  13.4   0.0   5.7 71.1
2004060   2.1  -0.4   5.8   0.0   3.7 94.2
2004061   9.1  -2.6   1.3   0.0   7.9 87.3
2004062  13.4  -3.3   0.8   0.0   1.6 84.2
2004063   9.2   2.1   5.9   0.0   2.6 80.8
2004064   3.4   2.1  -1.1   0.0   2.3 95.3
2004065  12.1  -7.9   7.8   0.0   2.1 69.9
2004066  14.3  -2.3  13.8   0.0   3.1 56.9
2004067  17.9  -7.3  11.6   0.0   2.1 51.3
2004068  17.7   0.1  22.1   0.0   2.5 60.6
2004069  18.4  -5.8  15.1   0.0   3.0 64.1
2004070  10.9   3.2   7.0   0.0   3.6 61.4
2004071  18.2  -4.0  16.6   0.0   1.7 52.8
2004072  18.4  -4.1  21.3   0.0   3.8 57.8
2004073  15.4   2.0  11.3   0.0   4.9 59.8
2004074  16.4  -2.2  15.9   0.0   2.7 56.5
2004075  16.0  -7.1   6.9   0.0   3.6 68.6
2004076  14.3  -6.8  12.2   0.0   2.4 63.9
2004077  17.8   1.0  23.2   0.0   2.3 51.8
2004078  19.6   4.0  13.9   0.0   3.2 62.3
2004079  18.5   6.2  29.4   0.0   4.7 46.3
2004080  20.4  -0.2  12.0   0.0   3.5 37.9
2004081  20.0  -6.9   9.1   0.0   2.7 55.5
2004082  20.6  -7.7  14.1   0.0   4.1 50.7
2004083  14.6   0.1  11.3   0.0   1.7 64.1
2004084  19.0   2.2  26.3   0.0   1.5 55.4
2004085  18.5   9.8  27.4   0.0   1.8 58.1
2004086  11.0   8.2  24.1   0.0   5.3 71.3
2004087   6.5  -0.4  10.8   0.0   4.1 88.5
2004088  16.5  -5.1  13.3   0.0   1.9 63.1
2004089  17.5   2.2  11.5   0.0   2.3 52.5
2007090  14.9   7.5  12.8   4.5   4.6 64.0
2007091  21.8   0.9  22.2   0.0   2.0 54.5
2007092  19.1   1.4  22.2   3.5   3.5 72.6
2007093  18.5   0.1  14.3   0.0   4.0 74.2
2007094  12.4  -3.8   3.5   0.0   2.3 70.0
2007095   9.3  -3.8  -5.6   0.0   2.5 86.2
2007096  19.6 -11.7  -0.9   0.0   3.3 78.5
2007097  22.4  -8.4  -0.0   0.0   1.6 67.2
2007098  12.9  -9.7   3.9   0.0   3.0 70.4
2007099  13.0  -4.1   4.9   0.0   4.0 82.5
2007100   8.6   1.5  15.1   0.0   2.6 78.5
2007101  14.1  -3.5   2.0   0.0   5.4 76.5
2007102  14.8  -5.5   2.5   0.0   2.2 76.8
2007103   5.4  -4.9   7.9   0.0   1.5 88.8
2007104  24.8  -2.5  22.3   0.0   1.6 62.3
2007105  23.8   3.6  20.8   0.0   4.4 50.0
2007106  23.6   4.4  21.0   0.0   4.2 64.0
2007107  15.2   3.7  20.5   0.0   3.6 70.8
2007108  23.8  -3.4  18.1   0.0   3.5 67.3
2007109  14.7   3.3  18.4   0.0   5.0 48.9
2007110  14.2   3.8  21.3   0.0   3.9 78.4
2007111  16.9  10.0  25.5   2.5   5.6 69.9
2007112  12.0   4.2  19.0  21.6   3.5 74.2
2007113  12.2   6.7  17.4   4.1   3.1 74.2
2007114   4.3   8.3  12.4  41.7   7.3 93.3
2007115   6.1   8.3   4.7  23.7   6.5 86.7
2007116  26.1  -4.3  18.3   0.0   1.2 65.8
2007117  23.3   5.5  18.1   0.0   3.8 55.9
2007118  26.7   2.2  26.2   0.0   1.5 58.8
2007119  26.5   2.0  26.1   0.0   3.1 59.7
2004120   5.9   3.4  14.3   0.0   5.5 78.7
2004121   5.7  -0.4   5.8   0.0   2.0 64.7
2004122  19.5   2.5  10.4   0.0   1.7 58.8
2004123  26.9  -0.4  11.7   0.0   2.2 59.2
2004124  26.9  -2.5  28.0   0.0   3.1 44.7
2004125  25.3  10.4  26.4   0.0   2.9 56.4
2004126  24.6  12.0  32.3   0.0   3.9 46.2
2004127  25.5  15.6  26.2   0.0   3.8 58.0
2004128  25.2   9.7  26.5   0.0   2.5 58.5
2004129  24.3  15.8  30.9   0.0   1.9 57.4
2004130  25.1  14.9  34.0   0.0   4.3 57.0
2004131  21.1  13.7  28.8   0.0   4.7 72.5
2004132  24.2  18.7  31.2   0.0   8.8 60.8
2004133  25.6   4.6  12.0   4.0   4.3 68.0
2004134  16.3   1.6   8.1   0.0   4.2 67.2
2004135  26.2  -0.5  20.5   1.0   2.7 66.7
2004136  24.2   6.1  19.8   2.0   3.8 62.6
2004137  14.3  12.4  23.9   0.0   3.9 60.4
2004138  10.4   4.2  15.1   0.0   2.9 85.8
2004139   8.0   4.3  17.3   0.0   3.5 83.9
2004140  13.8  11.8  27.8   0.0   2.3 73.5
2004141  20.7  14.9  27.4   0.0   3.9 63.0
2004142  24.7  10.7  30.6   0.0   2.1 65.5
2004143  19.6   9.5  26.4  40.0   3.6 63.1
2004144  27.1   5.0  25.8   0.0   2.0 63.2
2004145  25.9  11.0  23.5   0.0   3.3 70.4
2004146  22.4   4.0  19.8  10.0   1.6 73.4
2004147  26.0   3.7  23.4   3.0   2.8 62.8
2004148  27.7  10.3  24.0   0.0   1.2 57.0
2004149  23.3  11.2  29.6   0.0   2.3 53.7
2004150  19.9  16.1  25.7   8.0   3.3 66.4
2020151  26.8  14.1  22.4   0.8   2.6 66.0
2020152  25.4  12.0  31.9   0.0   3.6 67.0
2020153  25.4  17.8  34.0   0.0   3.5 46.4
2020154  24.1  14.6  35.8   0.0   2.6 55.4
2020155  25.4  14.0  28.1   0.0   2.8 66.3
2020156  26.6  15.5  32.8   0.0   1.7 55.3
2020157  29.1  14.4  32.2   0.0   1.6 61.2
2020158  21.6  24.0  33.9   1.3   4.6 53.0
2020159  27.4  24.2  34.7   0.0   8.7 46.3
2020160  25.3  16.7  31.2   2.5   3.1 67.9
2020161   4.1  13.7  19.2   2.0   7.9 79.1
2020162  29.4  10.4  24.8   0.0   3.8 58.1
2020163  29.2  10.9  28.5   0.0   1.6 58.3
2020164  29.3   7.4  34.8   0.0   2.3 54.3
2020165  28.6  11.6  34.2   0.0   2.3 58.9
2020166  22.6  25.1  34.4   0.0   6.3 38.1
2020167  26.6  18.8  35.4   0.0   5.3 36.2
2020168  28.1  20.5  32.9   0.0   7.2 41.5
2020169  27.0  19.3  31.4   0.0   6.6 46.2
2020170  19.1  15.6  23.1   0.0   4.2 54.1
2020171  15.1  14.5  24.1   2.3   1.4 68.6
2020172  24.1  14.4  29.1   0.0   2.0 65.3
2020173  20.7  13.5  28.5   0.0   2.5 62.2
2020174  25.1  14.6  30.0   2.3   2.3 64.0
2020175  25.6  10.0  26.1   0.0   1.9 65.7
2020176  27.9  11.6  31.0   0.0   2.4 60.7
2020177  22.5  17.0  34.6   1.8   2.7 56.6
2020178  27.3  20.6  30.6   0.3   2.2 65.5
2020179  26.7  16.3  34.2   0.0   3.0 61.5
2020180  27.3  20.8  33.3   0.0   2.7 59.1
2019181  26.7  20.3  34.8   0.0   2.9 56.6
2019182  18.2  20.4  28.8   7.4   2.1 73.5
2019183  19.8  20.3  27.9   0.0   1.5 72.9
2019184  26.4  16.9  29.8   0.0   1.6 72.5
2019185  14.9  20.4  25.7   0.3   2.0 78.2
2019186  24.0  16.0  25.6  24.1   2.2 67.8
2019187  26.4  17.5  28.6   4.3   2.8 64.3
2019188  22.7  20.0  28.5   7.4   3.3 77.1
2019189  11.5  20.5  22.8  68.0   2.8 86.7
2019190  26.9  20.0  28.7   0.0   2.1 66.0
2019191  30.3  14.4  25.7   2.8   1.7 65.8
2019192  29.1  14.3  29.6   0.0   2.7 71.7
2019193  28.7  18.2  33.1  11.4   2.7 63.2
2019194  27.1  16.7  29.5   1.3   2.3 68.5
2019195  28.1  19.5  31.5   0.0   4.3 64.8
2019196  28.6  19.0  32.3   0.0   1.7 64.3
2019197  28.3  17.7  29.2   0.0   2.6 69.3
2019198  24.5  21.4  29.8   0.0   1.7 79.4
2019199  28.9  23.4  34.9   0.0   1.9 61.3
2019200  27.6  21.0  35.4   0.0   1.8 66.9
2019201  12.3  19.8  26.6   0.3   3.0 80.7
2019202  17.4  17.0  26.1  47.0   2.7 81.2
2019203  27.7  16.6  20.9   0.0   1.4 70.5
2019204  27.8  14.9  28.6   0.0   2.5 70.0
2019205  27.5  13.7  30.6   0.0   4.2 60.9
2019206  21.9  17.7  32.5   0.0   2.4 69.1
2019207  23.1  19.0  29.6   0.0   1.7 72.6
2019208  23.6  19.5  32.7   0.3   1.9 64.2
2019209  24.2  18.6  30.3   0.3   1.7 68.8
2019210  24.8  12.7  26.0   0.0   1.5 67.1
2019211  23.2  20.1  30.4   0.0   3.1 62.5
2022212  21.8  15.5  29.9   0.0   2.3 62.9
2022213  25.6  14.8  34.2   0.0   2.4 55.1
2022214  24.0  19.3  38.4   1.5   2.4 52.3
2022215  25.5  14.3  33.1   0.0   1.4 52.8
2022216  25.5  18.1  36.6   0.0   3.8 58.0
2022217  25.1  18.7  36.1   0.0   5.3 57.1
2022218  21.7  21.6  29.9   0.0   3.4 68.3
2022219   7.2  16.9  19.3   0.8   2.6 81.8
2022220  26.1  13.1  29.4   0.0   2.1 64.7
2022221  25.5  14.0  38.5   0.0   3.2 57.4
2022222  25.7  14.2  35.6   0.0   2.7 53.4
2022223  24.8  18.5  35.3   0.0   3.7 49.7
2022224  25.1  16.0  34.0   0.0   3.6 47.4
2022225  24.6  18.3  29.4   0.0   2.3 58.5
2022226  22.6  23.6  35.5   0.0   2.1 67.8
2022227  18.2  21.4  33.2  11.7   1.8 72.6
2022228   6.7  17.7  22.6   0.3   1.5 82.2
2022229  13.8  15.5  23.9   0.0   1.7 74.8
2022230  22.6  15.7  33.5   0.0   1.9 65.6
2022231  21.7  10.1  24.1   0.0   1.9 62.3
2022232  23.1  12.8  24.7   0.0   1.6 65.6
2022233  24.1  10.0  29.4   0.0   2.3 62.3
2022234  23.6  12.2  31.0   0.0   2.3 58.9
2022235  23.9  12.3  31.1   0.0   3.3 53.6
2022236  20.6   9.4  31.7   0.0   1.8 51.0
2022237  20.9  20.2  37.8   0.0   1.7 49.0
2022238  12.8  16.9  38.1   0.0   2.8 52.7
2022239  22.8  19.5  29.6   0.0   3.0 53.6
2022240  22.6  15.2  36.8   0.0   2.4 49.8
2022241  22.6  12.4  29.9   0.0   1.5 56.5
2022242  22.9   9.5  31.9   0.0   2.0 57.0
2010243  19.6  18.0  25.1   0.0   2.4 65.3
2010244  20.3  10.3  27.2   0.0   2.1 73.5
2010245  20.8   9.7  21.1   0.0   2.6 63.7
2010246  22.1   1.7  25.1   0.0   1.3 60.4
2010247  21.4  10.7  32.2   0.0   2.4 59.6
2010248  20.7   7.8  30.8   0.0   1.7 56.9
2010249  17.1   6.9  23.8   0.0   2.1 58.5
2010250  21.4   3.4  26.1   0.0   2.1 57.4
2010251  15.5  17.3  29.6   3.6   5.2 64.8
2010252   7.0  14.7  21.9   0.0   4.8 85.7
2010253  20.3  11.0  28.7   0.0   1.7 60.8
2010254  21.2   4.6  28.6   0.0   1.9 60.8
2010255  20.6   9.3  36.3   0.0   1.3 53.1
2010256  18.1   4.6  27.1   0.0   1.4 65.0
2010257  15.4  18.7  25.1   0.0   1.9 77.8
2010258  19.7  10.1  26.8   0.0   3.0 59.2
2010259  18.2   8.8  29.2   0.0   3.0 68.5
2010260  19.8   9.1  30.0   0.0   3.1 74.5
2010261   5.5   6.5  16.2   0.0   3.8 91.2
2010262   7.8   1.8   7.4   0.3   1.9 92.3
2010263  18.5  12.0  31.6  10.9   3.3 60.9
2010264  18.5   8.8  21.8   0.3   2.7 73.3
2010265  13.6  13.3  34.7   6.9   3.1 71.3
2010266  13.7  12.7  20.8   7.1   2.2 77.3
2010267  17.6   7.1  29.8   0.0   1.5 69.0
2010268  18.7   2.9  19.8   0.0   2.9 63.2
2010269  19.4   4.2  22.8   0.0   2.7 67.6
2010270  18.5   8.3  29.6   0.0   3.2 58.1
2010271  18.9   3.0  25.5   0.0   1.7 65.0
2010272  18.4   1.6  27.8   0.0   3.1 66.1
2007273   7.2   8.1  19.1   1.3   3.1 73.8
2007274  14.4   7.7  21.4   0.0   4.0 65.1
2007275  15.1   7.0  20.1   0.0   2.3 54.0
2007276  17.4   8.1  31.0   0.0   3.6 50.7
2007277  16.9   6.7  24.8   0.0   2.0 71.7
2007278  15.7  12.2  30.7   0.0   2.6 63.5
2007279  16.5  25.9  26.5   0.0   6.9 47.2
2007280  12.9   6.1  17.6   1.0   3.1 75.7
2007281  17.1  -1.1  25.4   0.0   1.3 62.5
2007282  17.0  -2.3  25.0   0.0   1.4 58.8
2007283  16.6   7.1  16.3   0.0   1.9 71.2
2007284  15.5  -0.3  20.5   0.0   2.3 70.7
2007285   4.4   5.8  16.9   0.0   1.8 78.8
2007286   1.0   5.8  13.5   1.8   2.5 97.9
2007287   1.2   3.1  10.2  11.2   3.3 94.1
2007288   2.4   3.1   3.9   2.0   2.5 91.3
2007289  14.9   1.9  19.9   0.0   1.6 73.0
2007290   9.0   7.8  17.3   0.3   1.4 79.0
2007291   3.9   7.8  13.2   0.0   2.7 68.8
2007292  14.8  -2.8  23.5   0.0   1.3 54.9
2007293  14.3   7.2  28.4   0.0   2.8 55.7
2007294   4.9  -2.5  13.0   1.0   4.0 68.9
2007295  13.5  -1.4  12.3   0.0   1.1 58.5
2007296  12.9   1.4  24.4   0.0   1.9 62.0
2007297  13.1  -0.6  24.4   0.0   2.1 65.1
2007298  13.0   3.2  23.2   0.0   2.8 52.1
2007299  12.4   2.2  10.5   0.0   3.0 65.6
2007300  12.4  -2.6   9.7   0.0   1.5 53.6
2007301  12.3  -1.7  17.5   0.0   3.3 60.0
2007302  12.8   1.8  25.0   0.0   2.3 56.2
2007303  10.8   4.1  22.9   0.0   2.2 53.8
2022304  12.4  -3.8  21.1   0.0   2.0 44.4
2022305  13.1  14.6  21.6   0.0   3.3 39.0
2022306  10.8   5.2  21.0   0.0   3.7 50.6
2022307   4.3  -1.0  10.5   0.8   4.3 74.7
2022308  11.3   2.0   7.2   4.8   1.9 71.2
2022309  10.4 -10.1  20.6   0.0   2.8 53.5
2022310   5.3   9.2  16.2   0.0   1.7 42.6
2022311   5.1  -2.7   7.4   0.0   3.3 41.6
2022312   8.0   5.1  21.6   0.0   5.7 66.9
2022313   2.6  -3.2  22.9   0.0   3.9 82.3
2022314  10.9  -4.7   4.9   0.0   4.4 70.6
2022315  10.9 -12.0  -0.0   0.0   2.5 61.3
2022316  10.6 -11.6   4.9   0.0   1.9 60.8
2022317  10.3  -6.6   8.4   0.0   3.1 60.3
2022318   8.9 -12.1  -3.3   0.0   2.8 67.5
2022319   6.3  -9.5   0.4   0.0   3.3 64.0
2022320   6.6  -6.8   4.1   0.0   2.8 56.7
2022321   4.3 -11.8  -3.7   0.0   4.2 60.8
2022322  10.1 -11.1   1.3   0.0   3.3 47.4
2022323   9.7  -6.2  -3.1   0.0   2.8 50.4
2022324   9.9  -6.9  13.4   0.0   2.2 39.3
2022325   9.8  -5.4  12.6   0.0   1.5 40.2
2022326   9.5  -4.4  16.4   0.0   1.7 37.4
2022327   8.6 -10.5  13.5   0.0   1.4 45.4
2022328   9.1 -10.3   6.8   0.0   4.3 53.4
2022329   9.1  -4.3  14.3   0.0   2.0 50.5
2022330   7.5  -3.9  13.6   0.0   3.7 45.1
2022331   8.7  -3.9   8.9   0.0   3.1 54.7
2022332   8.2  -1.7  10.3   0.0   4.2 62.8
2022333   5.9 -14.3   0.2   0.0   6.4 72.2
2010334   9.3  -8.7   4.4   0.0   5.8 60.5
2010335   8.5 -16.0   8.7   0.0   2.2 61.9
2010336   8.8  -3.1  11.4   0.0   1.5 62.8
2010337   6.0  -0.1  17.7   0.0   2.4 56.1
2010338   7.7  -6.0  -1.3   0.0   2.6 70.9
2010339   5.3 -13.8   0.3   0.0   1.3 81.5
2010340   8.7 -10.6   2.1   0.0   1.0 73.6
2010341   4.4  -8.8   2.1   0.0   1.1 78.7
2010342   7.7  -8.7  11.9   0.0   1.9 71.8
2010343   8.8  -0.5  15.1   0.0   1.5 58.0
2010344   5.3  -7.6   9.0   0.0   1.9 70.0
2010345   8.0 -12.9   6.0   0.0   3.5 67.0
2010346   9.0 -13.7   0.8   0.0   1.9 67.8
2010347   7.7 -12.5  -0.8   0.0   2.8 48.8
2010348   7.3  -6.9  10.1   0.0   1.9 58.2
2010349   3.5  -5.5   6.7   0.0   1.4 71.9
2010350   8.8  -8.3  10.9   0.0   1.3 60.3
2010351   8.7 -11.9   6.2   0.0   0.9 67.7
2010352   3.6  -5.1  -4.3   0.0   1.7 85.0
2010353   3.0  -6.8  -3.6   0.0   2.5 96.2
2010354   4.4  -1.4  11.2   0.0   1.6 78.1
2010355   5.3  -1.6   6.5   0.0   1.4 74.1
2010356   6.7  -7.9  -2.6   0.0   2.4 69.5
2010357   2.4  -7.9  -8.8   0.0   3.1 90.7
2010358   3.5  -6.4   0.4   0.0   3.2 79.0
2010359   4.6 -13.6   6.6   0.0   1.4 79.7
2010360   5.4 -14.2  -1.3   0.0   2.9 85.1
2010361   7.6 -10.9  10.3   0.0   1.6 65.1
2010362   7.6  -8.9   8.5   0.0   2.2 58.3
2010363   5.0  -7.3   3.0   0.0   2.2 75.6
2010364   3.4 -13.7  -3.7   0.0   4.0 85.8
