001 6.0 -11.0 0.0
002 22.0 -10.0 0.0
003 35.0 -2.0 0.0
004 25.0 -11.0 0.0
005 32.0 -5.0 0.0
006 23.0 -6.0 0.0
007 19.0 -2.0 -0.0
008 28.0 27.0 0.0
009 14.0 13.0 0.0
010 34.0 33.0 0.0
011 28.0 1.0 1.0
012 39.0 2.0 0.0
013 17.0 16.0 -0.0
014 36.0 12.0 0.0
015 39.0 38.0 1.0
016 43.0 3.0 1.0
017 32.0 13.0 0.0
018 41.0 15.0 0.0
019 24.0 11.0 0.0
020 36.0 23.0 0.0
021 37.0 18.0 -0.0
022 42.0 4.0 1.0
023 55.0 22.0 0.0
024 43.0 42.0 -0.0
025 32.0 14.0 0.0
026 34.0 17.0 1.0
027 43.0 21.0 -0.0
028 43.0 42.0 0.0
029 48.0 18.0 0.0
030 50.0 20.0 0.0
031 50.0 17.0 0.0
032 41.0 25.0 0.0
033 44.0 11.0 -0.0
034 35.0 27.0 0.0
035 44.0 17.0 0.0
036 36.0 16.0 0.0
037 38.0 20.0 0.0
038 41.0 15.0 0.0
039 35.0 26.0 -0.0
040 52.0 11.0 0.0
041 53.0 18.0 0.0
042 48.0 21.0 0.0
043 45.0 22.0 -0.0
044 60.0 21.0 0.0
045 41.0 12.0 0.0
046 47.0 12.0 0.0
047 40.0 18.0 0.0
048 36.0 16.0 0.0
049 39.0 22.0 0.0
050 55.0 17.0 0.0
051 51.0 50.0 0.0
052 55.0 25.0 0.0
053 41.0 13.0 0.0
054 27.0 26.0 0.0
055 46.0 14.0 0.0
056 36.0 14.0 0.0
057 37.0 20.0 0.0
058 50.0 12.0 0.0
059 55.0 5.0 0.0
060 38.0 -5.0 0.0
061 51.0 24.0 0.0
062 39.0 38.0 0.0
063 57.0 24.0 0.0
064 43.0 12.0 0.0
065 41.0 31.0 0.0
066 34.0 15.0 1.0
067 36.0 35.0 1.0
068 32.0 16.0 1.0
069 45.0 44.0 -0.0
070 35.0 17.0 0.0
071 42.0 13.0 -0.0
072 56.0 5.0 0.0
073 40.0 39.0 -1.0
074 28.0 19.0 -0.0
075 55.0 19.0 1.0
076 58.0 20.0 1.0
077 52.0 19.0 0.0
078 46.0 11.0 1.0
079 65.0 23.0 0.0
080 49.0 30.0 1.0
081 53.0 13.0 0.0
082 64.0 24.0 -0.0
083 42.0 26.0 0.0
084 49.0 24.0 -0.0
085 55.0 22.0 1.0
086 57.0 26.0 0.0
087 42.0 24.0 0.0
088 61.0 27.0 -0.0
089 60.0 17.0 0.0
090 55.0 24.0 0.0
091 54.0 26.0 0.0
092 56.0 25.0 0.0
093 64.0 27.0 0.0
094 55.0 31.0 0.0
095 60.0 31.0 0.0
096 56.0 28.0 -0.0
097 53.0 31.0 0.0
098 52.0 30.0 0.0
099 60.0 30.0 0.0
100 57.0 26.0 0.0
101 56.0 26.0 0.0
102 53.0 27.0 0.0
103 56.0 28.0 0.0
104 55.0 23.0 0.0
105 56.0 27.0 0.0
106 60.0 18.0 0.0
107 61.0 25.0 0.0
108 45.0 35.0 -0.0
109 62.0 26.0 0.0
110 54.0 36.0 0.0
111 55.0 28.0 0.0
112 60.0 33.0 0.0
113 65.0 30.0 1.0
114 67.0 41.0 1.0
115 62.0 36.0 -1.0
116 57.0 37.0 2.0
117 67.0 38.0 -1.0
118 71.0 32.0 -0.0
119 62.0 24.0 4.0
120 62.0 40.0 1.0
121 60.0 41.0 -2.0
122 50.0 34.0 5.0
123 63.0 30.0 7.0
124 62.0 32.0 6.0
125 57.0 38.0 4.0
126 61.0 29.0 3.0
127 64.0 39.0 9.0
128 64.0 43.0 5.0
129 67.0 44.0 6.0
130 76.0 46.0 -0.0
131 77.0 36.0 -2.0
132 63.0 45.0 6.0
133 78.0 44.0 3.0
134 67.0 46.0 7.0
135 65.0 38.0 13.0
136 62.0 49.0 2.0
137 86.0 47.0 -1.0
138 65.0 46.0 -10.0
139 61.0 54.0 1.0
140 78.0 44.0 11.0
141 70.0 45.0 7.0
142 83.0 35.0 1.0
143 67.0 51.0 -0.0
144 72.0 45.0 5.0
145 81.0 48.0 -1.0
146 66.0 52.0 2.0
147 72.0 46.0 1.0
148 76.0 48.0 1.0
149 87.0 45.0 1.0
150 85.0 53.0 1.0
151 69.0 57.0 0.0
152 77.0 46.0 2.0
153 68.0 47.0 2.0
154 70.0 47.0 0.0
155 65.0 50.0 1.0
156 74.0 45.0 4.0
157 76.0 49.0 -0.0
158 69.0 45.0 -1.0
159 78.0 47.0 -2.0
160 88.0 48.0 3.0
161 70.0 55.0 4.0
162 76.0 47.0 2.0
163 79.0 51.0 1.0
164 84.0 62.0 2.0
165 75.0 57.0 1.0
166 79.0 60.0 1.0
167 85.0 63.0 2.0
168 82.0 50.0 3.0
169 82.0 64.0 0.0
170 94.0 56.0 0.0
171 82.0 55.0 -0.0
172 79.0 54.0 2.0
173 77.0 53.0 1.0
174 87.0 58.0 1.0
175 86.0 67.0 2.0
176 82.0 60.0 -2.0
177 89.0 63.0 0.0
178 89.0 59.0 0.0
179 84.0 61.0 0.0
180 88.0 68.0 0.0
181 94.0 58.0 -0.0
182 94.0 62.0 -0.0
183 92.0 57.0 2.0
184 91.0 65.0 7.0
185 94.0 63.0 9.0
186 88.0 61.0 6.0
187 91.0 63.0 4.0
188 93.0 66.0 4.0
189 89.0 68.0 3.0
190 89.0 57.0 1.0
191 87.0 67.0 5.0
192 95.0 60.0 5.0
193 90.0 64.0 0.0
194 93.0 61.0 11.0
195 98.0 62.0 3.0
196 93.0 64.0 3.0
197 93.0 64.0 6.0
198 89.0 62.0 4.0
199 93.0 64.0 2.0
200 90.0 66.0 9.0
201 93.0 62.0 3.0
202 97.0 67.0 6.0
203 99.0 68.0 -2.0
204 97.0 64.0 14.0
205 95.0 66.0 2.0
206 91.0 64.0 3.0
207 95.0 66.0 3.0
208 93.0 60.0 -0.0
209 91.0 62.0 -1.0
210 92.0 65.0 -8.0
211 93.0 64.0 -0.0
212 94.0 62.0 5.0
213 87.0 63.0 5.0
214 86.0 63.0 1.0
215 88.0 65.0 2.0
216 81.0 64.0 9.0
217 86.0 66.0 3.0
218 91.0 61.0 -1.0
219 92.0 61.0 5.0
220 94.0 61.0 5.0
221 88.0 65.0 5.0
222 86.0 65.0 2.0
223 92.0 58.0 2.0
224 86.0 58.0 2.0
225 82.0 58.0 2.0
226 94.0 61.0 -2.0
227 90.0 63.0 5.0
228 93.0 61.0 4.0
229 92.0 63.0 1.0
230 92.0 64.0 2.0
231 87.0 63.0 0.0
232 91.0 58.0 1.0
233 86.0 60.0 -2.0
234 96.0 59.0 0.0
235 87.0 63.0 0.0
236 86.0 62.0 2.0
237 82.0 62.0 -0.0
238 92.0 59.0 1.0
239 90.0 61.0 -0.0
240 90.0 60.0 -0.0
241 90.0 60.0 2.0
242 93.0 56.0 2.0
243 85.0 63.0 1.0
244 89.0 61.0 1.0
245 87.0 56.0 1.0
246 79.0 56.0 2.0
247 87.0 57.0 0.0
248 92.0 57.0 -0.0
249 91.0 59.0 0.0
250 88.0 54.0 0.0
251 88.0 51.0 0.0
252 94.0 50.0 -0.0
253 98.0 53.0 0.0
254 94.0 49.0 1.0
255 96.0 49.0 0.0
256 89.0 56.0 1.0
257 92.0 50.0 1.0
258 95.0 50.0 -0.0
259 82.0 51.0 4.0
260 88.0 53.0 2.0
261 85.0 53.0 3.0
262 86.0 54.0 1.0
263 90.0 51.0 2.0
264 89.0 50.0 -0.0
265 81.0 56.0 0.0
266 82.0 50.0 -1.0
267 77.0 51.0 -1.0
268 77.0 56.0 3.0
269 79.0 55.0 -3.0
270 92.0 53.0 0.0
271 75.0 45.0 3.0
272 75.0 52.0 0.0
273 80.0 56.0 3.0
274 85.0 52.0 -0.0
275 81.0 54.0 2.0
276 85.0 55.0 -0.0
277 81.0 56.0 -1.0
278 80.0 49.0 1.0
279 72.0 47.0 1.0
280 77.0 52.0 1.0
281 80.0 47.0 1.0
282 72.0 47.0 2.0
283 64.0 41.0 2.0
284 81.0 48.0 1.0
285 77.0 41.0 -1.0
286 74.0 45.0 2.0
287 63.0 51.0 2.0
288 72.0 43.0 0.0
289 76.0 40.0 2.0
290 66.0 40.0 1.0
291 71.0 37.0 -0.0
292 74.0 35.0 -0.0
293 63.0 37.0 3.0
294 67.0 39.0 2.0
295 67.0 39.0 -0.0
296 68.0 36.0 -1.0
297 72.0 32.0 3.0
298 72.0 38.0 -0.0
299 67.0 31.0 -0.0
300 68.0 32.0 0.0
301 66.0 33.0 0.0
302 69.0 32.0 0.0
303 68.0 38.0 0.0
304 63.0 31.0 0.0
305 56.0 26.0 0.0
306 56.0 28.0 0.0
307 67.0 36.0 0.0
308 68.0 29.0 1.0
309 59.0 31.0 1.0
310 67.0 46.0 0.0
311 70.0 34.0 0.0
312 59.0 32.0 -0.0
313 57.0 33.0 1.0
314 69.0 32.0 -0.0
315 62.0 32.0 -0.0
316 57.0 21.0 0.0
317 57.0 32.0 0.0
318 56.0 27.0 1.0
319 48.0 23.0 2.0
320 46.0 22.0 -0.0
321 39.0 23.0 1.0
322 42.0 29.0 0.0
323 57.0 14.0 0.0
324 53.0 12.0 -1.0
325 54.0 19.0 1.0
326 52.0 19.0 1.0
327 43.0 25.0 -0.0
328 51.0 26.0 0.0
329 45.0 44.0 0.0
330 41.0 25.0 0.0
331 52.0 16.0 0.0
332 36.0 20.0 0.0
333 49.0 17.0 0.0
334 36.0 14.0 0.0
335 36.0 12.0 -0.0
336 45.0 19.0 0.0
337 48.0 19.0 -0.0
338 52.0 16.0 0.0
339 43.0 12.0 -0.0
340 53.0 21.0 0.0
341 49.0 24.0 0.0
342 39.0 19.0 0.0
343 51.0 14.0 0.0
344 44.0 16.0 -0.0
345 44.0 17.0 0.0
346 46.0 16.0 0.0
347 46.0 22.0 -1.0
348 52.0 19.0 -1.0
349 36.0 16.0 3.0
350 40.0 15.0 2.0
351 39.0 17.0 2.0
352 36.0 13.0 2.0
353 45.0 44.0 -1.0
354 37.0 19.0 0.0
355 42.0 24.0 -0.0
356 39.0 2.0 -1.0
357 33.0 -1.0 -1.0
358 34.0 13.0 1.0
359 30.0 17.0 0.0
360 27.0 22.0 2.0
361 37.0 14.0 0.0
362 35.0 34.0 -2.0
363 27.0 26.0 -1.0
364 28.0 12.0 1.0
365 26.0 25.0 2.0
