001 5.7 -10.7 0.0
002 24.174468492101067 -9.928170457470134 0.14315447151226698
003 14.722206473065299 -1.2742514163808627 0.20464972622058294
004 20.64025732329187 -3.227667141686455 0.05841086167071473
005 29.33153003853367 0.7956275593526356 0.0419624951825332
006 24.85002320854089 -9.508533001620142 -0.015332541722613384
007 30.3532897699273 -1.1225520415750072 -0.014728256034852324
008 21.59215735945216 20.6 -0.30379630404426294
009 34.974502183071316 -0.6602738083307353 -0.09035953908364619
010 35.76329358425425 3.016095965198169 0.7430278708763857
011 19.950852113410864 -0.9465644067395935 0.3442907967464135
012 31.883288128016193 -2.8091702519102126 0.13366771792122956
013 36.6377384815215 -3.5230942936372287 0.15503777819259695
014 28.464737215317403 26.387343022723805 -0.15931342509710641
015 38.4166988274768 18.725639243447777 0.6709656058791352
016 46.43226760292421 12.294754128563179 0.5036539846556658
017 30.751960354314658 29.8 -0.15814872248910364
018 48.740366122136805 18.358131083734353 0.3901526587119596
019 57.00414574247864 14.827762444490864 0.5047579177045332
020 44.910752412300425 4.304682353451996 0.26873260809657984
021 31.415537466163 11.371211566662325 0.1994956965409317
022 51.52569226244634 5.368339386928383 0.648370810187897
023 43.18540092841015 16.89696505409473 0.17886345075866508
024 39.26507406013172 12.229543844821684 -0.0634114056446744
025 42.870456589474685 13.85051527926014 0.1266649500386225
026 41.137186928344434 17.35791640489974 -0.005361324755476821
027 40.646619967936964 23.320633290377682 -0.4011911905058522
028 42.76375707121047 11.065412456507913 0.15231001539405664
029 47.669295165372006 18.976867368444463 -0.04358231566751286
030 55.21738384738853 14.516766012170962 0.052547051628689945
031 50.28123523829991 15.364664397068601 0.08961747506567959
032 38.40588291329729 16.546342837415956 0.30513570277574026
033 38.05311825091297 37.1 0.213263955511387
034 48.41724857071575 19.61712779183112 -0.08616612211033253
035 46.74050116503452 20.708715294288417 -0.09777986686126403
036 49.22874864511045 16.38893693996182 0.20602428668913128
037 56.68706725146852 21.207595014663646 0.2640533893107938
038 44.0021883657379 12.063990448620379 0.2645393197757439
039 37.055357753481886 12.145412627810938 -0.1604217805123149
040 27.389915758211437 19.830582027676982 0.16227176920700476
041 45.11525895718259 18.678404441584995 0.06445036307387875
042 52.02164565606917 16.115410487019087 0.30270337407441805
043 53.93468142550317 14.300568742511702 -0.2591037210788442
044 47.3037221050633 17.511924206229978 0.06355176747115912
045 56.227896154285816 12.539101936605388 0.10964324344571443
046 45.02977421836566 17.895456191854933 0.0
047 32.234252813508576 15.040762225280146 0.0
048 50.439722123433924 18.729829326289952 0.0
049 44.157736526186106 18.976209894366043 0.0
050 37.051737107864895 12.066869814706727 0.0
051 60.71112238019433 17.93351399478175 0.0
052 40.57161858030674 23.1779006726332 0.0
053 43.03112371449741 17.897563874687158 0.0
054 45.90722432044832 17.67025677659713 0.0
055 42.630452901554136 19.87976649717256 0.0
056 49.0299708935964 17.859339649167126 0.0
057 36.591963379210746 0.742408073652566 0.0
058 38.619221741441635 13.4800270071019 0.0
059 42.42969162262897 13.071289546898186 0.0
060 51.53163866155698 18.723282203226795 0.0
061 41.54196807996592 10.429542835972608 0.0
062 43.322243553646885 12.541288297049626 0.0
063 48.0693605181317 10.983663426264373 0.0
064 40.01579403564122 13.967549802793977 0.0
065 46.899308978216204 19.013561339524475 0.0
066 31.476959124804562 12.777779079810774 -0.20192807068193852
067 41.94912439672034 16.55953827964257 0.02738527406012578
068 40.1090027430982 12.540962096530677 0.5748058789827311
069 37.60058475877662 23.813990067175673 -0.08625457758543001
070 40.96928456730768 40.0 -0.08867471325527956
071 27.964301230773238 14.460349864065613 -0.17234136096877764
072 32.343015358215325 13.327387489313862 0.023444666902316363
073 32.303869257100246 31.3 0.8735303968923175
074 29.569349703920352 22.72170145295564 -0.32677398668139335
075 56.40483994497502 18.101391629084553 -0.04411714948217904
076 52.7171505201794 23.713818311445323 0.4049533093642417
077 53.2325108325554 22.37679776492132 0.42350922710286787
078 54.541264788517275 12.956873140467154 0.12673760640395523
079 36.3024191701224 13.73726078786768 0.20047740834494204
080 45.18589557219779 27.63603293588144 0.2749354809872575
081 50.085602512297314 22.550991294092057 0.11549891998797848
082 50.77583303827413 20.46150546076241 0.07796008908302407
083 36.586939056225724 15.541730163743564 0.9228799209472149
084 52.7382084097118 19.21015624662215 0.9750302038253242
085 41.96747409137555 20.491964343310105 0.3320645347745311
086 60.642704724688095 26.305619720504332 0.33090944524009336
087 56.038522761047474 28.245336625798465 0.30685208391640173
088 38.69535848362912 30.578870892072246 0.42613585122208664
089 56.87302225922509 28.658162260639696 -0.12707267107678888
090 57.70232073568207 29.955530444890158 0.3055633151903292
091 54.94101762424459 26.77676622567235 -0.26802783927342816
092 55.71313778385792 30.517177267978774 0.10471310629840881
093 55.17874170654775 28.27462030134305 0.017660068054468958
094 49.939831703111054 26.67626467589004 -0.2575051351552754
095 62.26049050714201 30.94632577924352 -0.00837896199561336
096 58.063414382412695 34.10335064713432 0.09079787349214229
097 53.715154917217454 28.28598284077793 0.10706154452294364
098 49.50697012294459 32.18094328217695 0.2949818942295581
099 50.80830192179535 28.267878016692997 0.16173395312953107
100 62.480551150896986 26.934765658044018 0.08761914048454494
101 58.302838022523744 28.40024060598663 -0.0007587658228902956
102 50.77638666045056 31.772521847643127 -0.008415569536029684
103 55.03145090932013 32.817879834113256 0.11203519256734523
104 53.78510992833828 26.380871195527355 0.010766406050483759
105 51.84952791395695 27.139112092722876 0.01823445555075829
106 54.58629140394284 23.75960912302199 -0.035830452857155685
107 50.092157925422825 32.60773397699028 -0.06807777688249206
108 48.41233078493246 25.567088454827292 -0.021963315912209576
109 47.97686355529157 31.760802252132176 0.01304677519900645
110 60.70342655568198 25.48593744768749 0.0
111 60.13951198106165 31.672628151411242 0.0
112 67.68543332049147 36.31817814711278 0.0
113 64.15889235491142 39.36585660842379 1.1858741810540003
114 65.16276400002464 38.11587728537606 1.0254849430131365
115 56.09188483781818 35.03336291291896 1.5091661159844976
116 62.94496008982612 31.05178449857874 -0.2913816562164948
117 52.65869971628469 40.75732920199332 0.2868116484944551
118 66.3601032600904 34.450011282436286 0.7925985010758864
119 79.40624540512104 31.355820024700183 2.4153160618191434
120 67.98104227499425 41.23414537712498 -0.1452777415541764
121 64.57271843810169 34.6485754535625 -1.5355922772493362
122 59.58342432043749 26.951869521980413 10.369031953651795
123 50.88112683703855 36.619645285931654 7.318199885255744
124 57.16442517282706 34.51067123117583 11.749667003366973
125 52.00958473636665 38.8055741926614 12.442104558023528
126 73.49045310734246 40.874612016625306 -6.091362764117947
127 57.13289297571407 33.91113761373622 6.717283479859911
128 73.6260295345876 38.56959070942559 0.6055037210560235
129 68.41233209813538 36.08966098339223 -2.753268092875955
130 70.3859453904705 45.40865241131334 9.785066446870992
131 67.92692806927931 37.6081072773675 11.966543474987507
132 67.45054027720217 45.352626512024564 -2.571652630922719
133 67.19493381564637 42.28661554729693 -1.2164828125275298
134 73.54101516249077 44.179446205965306 3.2493544027834
135 67.38841625558985 45.54265321738954 -6.100794694531766
136 81.73597857860392 49.32375329785784 3.5490196102322065
137 70.61772083194153 48.314232185069685 11.795780227802187
138 80.25353911947781 50.1794854870388 9.766206320008987
139 74.8688013311637 41.649500576544966 0.17113144813119785
140 71.64387543502009 42.93958592106155 7.423798026339897
141 71.1593116443229 42.61705191137641 -2.72931195549358
142 77.88500166017246 44.08865870747907 0.4018125379037324
143 79.45406844859964 47.601232272837066 1.4750282144051088
144 71.8042132340242 41.421113132433135 2.152689119359077
145 73.22197070596712 44.55133421315865 -2.155963361022218
146 65.22252578611551 45.3492514012412 1.9794633955636751
147 75.40086033067037 50.297524923027915 0.1806927791610321
148 74.39635603888959 41.53269351334167 -0.2466179452188475
149 65.19683921531458 42.57236888871393 -2.0686072289919943
150 73.50005813457972 48.006547714997986 0.7088178488116634
151 76.45815440105304 48.49039795606797 2.274499287821037
152 67.67842801922278 44.35173211882821 3.9199193656551476
153 75.59190386151302 52.12178812635201 1.3820657815949924
154 81.90468437049412 48.1327947514315 -1.1156513501408223
155 73.82302887133858 46.6294181104674 0.38243847271880305
156 74.6893292914022 49.10932285540415 1.199755460963304
157 70.74474780495837 43.965450873451466 3.5833710795186295
158 71.43500137714065 52.66426400060104 3.0732356357777597
159 70.55107718865831 43.827293099293634 0.7210670442590479
160 67.11469705734494 45.09524974154616 1.8600456084582024
161 72.8216164249755 56.10392779419674 2.6686439781816915
162 77.52670507051293 47.39657031384073 3.874121130822707
163 78.82501729207124 50.838796765292734 -0.11369431303416877
164 74.35765435872146 59.208046781842164 -0.7443948284454337
165 88.22740196931693 55.0548210556841 4.529412628407485
166 78.57835319093843 62.21805622412329 0.8470659522650775
167 81.09619846217632 60.662449875661416 1.8657354134759194
168 83.99837460122 54.751290833589856 -1.3727495523580449
169 84.03060318264748 54.53423273826762 -2.9905633823352176
170 92.62960283075464 58.95004064188138 -0.6231579272236194
171 89.1914606518909 62.19670257197779 -0.5354112261597321
172 83.93679844213872 58.40682322226657 0.029961290878077418
173 84.52708206569018 61.718359999393094 0.7471375059476488
174 89.67763897415915 62.04390742045402 2.873958308095573
175 84.4718937466413 63.17549606201376 1.7712335303109334
176 93.39191466449543 58.5202971816341 -0.42207990571978204
177 92.16558214079495 54.58212097076665 1.3924029047823068
178 91.32317905936253 55.37326966897522 0.025616493297670496
179 86.1513602086081 63.35900253359748 0.028394117717952992
180 89.61665998988536 66.3658670951929 0.00670148441006699
181 95.52033375105343 64.48420965910597 -0.0005862741570423508
182 94.40536243521838 51.82697700659845 -2.8429479660955007e-05
183 95.23313085453124 61.97607308785629 4.038264111497796
184 88.70060454730547 67.02951415392704 0.43660066798023833
185 90.33463072694047 63.261166870931746 0.5855674015344909
186 91.93424409692486 62.349513744953704 5.976114712151459
187 89.5200186736615 64.1138982476801 5.944255589250718
188 90.79524628331592 52.12172339863831 -1.7642404019440603
189 86.8342166435904 62.45779705972225 2.707661710186165
190 94.36948955888725 61.76007488075824 1.2918725579742798
191 91.40875931520986 60.093801547628686 4.033797557418321
192 91.36442810538529 68.30801418112766 4.9629681494789875
193 86.05063659799468 63.63747001133921 2.5445668348777546
194 94.2186906328129 60.100092493157995 5.082354713159639
195 92.48669346687201 71.0912130720402 4.035775107726712
196 94.57668703665576 58.63103875452355 6.491604828300346
197 92.85079803320936 66.03889586483149 2.699904947996942
198 90.92224931734953 68.18444434375058 0.8737501108517911
199 93.05056640253996 65.64397489591533 6.307574793844076
200 91.91107951252302 64.2538674380938 8.304620278329043
201 94.52002613979172 67.52401399473526 8.853173113496258
202 95.05660902625576 65.81323320683529 6.5838166322744005
203 91.48683229730567 67.89018737097072 5.42113576629384
204 93.07575231949029 61.14549238919216 1.9995298177901335
205 98.20898613742483 64.76433330340731 0.30137388317470926
206 89.96324606256229 69.37793227346079 2.2693655393224406
207 90.35826396739031 63.67168015783548 1.1745871481739796
208 93.72178593414495 64.70064798685168 6.007876140733703
209 83.92235973432314 66.97111003751046 0.7626380189224029
210 94.33701206986342 67.17241810559212 -0.011023140104496232
211 87.78710337430402 65.32794416538648 7.432643347061852
212 92.83170391958745 60.1452694785215 -2.5864990586358214
213 90.43860043935076 64.47651402940042 1.4449878856745642
214 84.9715868205909 59.84805507824205 5.683060873515002
215 92.12157650811551 64.50911416677734 -3.200742933334124
216 93.85810915333987 61.075711841853455 0.07428784491274776
217 103.36754836718882 102.4 -1.4367321228516197
218 86.47778231780497 65.89068944405409 0.6132030911899857
219 93.87568883989086 63.27524312796275 -0.9230040625791891
220 88.56574726036843 62.271285525108375 1.9742656125435645
221 91.3527198619572 63.76370804403461 1.3664544896832755
222 90.90593621079844 64.45283931890098 4.243453775475016
223 90.18999176465344 60.569950489773085 4.06220417359992
224 83.18498540706783 60.25461162361807 5.3560449960369
225 93.5404792793823 66.31633819433893 1.1925199025020645
226 91.8809757596597 61.80132628011127 5.648760573091241
227 93.5461119713383 58.719575722462395 0.7445134155295183
228 85.16942208080467 63.169241586101805 2.6233542416217164
229 89.4019471865212 62.204982125749574 -0.4396728654026689
230 91.98497762429596 66.24792409469649 0.9300798076217041
231 88.30022474753092 54.84145659551894 2.188677431204559
232 82.87772494674569 58.45587958305581 0.5680458909135456
233 87.92636384456874 69.37350740705554 -0.7726336322415608
234 92.29005542539159 59.88518680981229 2.172868797433105
235 85.05133901698032 61.12241061865134 0.3440068031486428
236 90.41253744901425 58.94706714184545 1.5647388007557295
237 87.49411809854988 60.850971955731275 1.5848946121417502
238 87.38406656776188 62.891009669834 2.477095664367191
239 92.654587736893 61.69520763420817 0.8264979660825251
240 89.49044867772082 59.74576877388744 0.5046146211900007
241 83.63446516511871 53.91264907004614 -1.002062533401125
242 85.65633771645665 58.74243373730136 0.5838436913025344
243 92.71512128029421 56.327585369619655 1.0937903320229212
244 92.72355302490931 59.96121774365353 1.0472362680160958
245 84.05831808418377 55.01748973267375 0.5814860685999113
246 84.85996003665915 55.78666983880301 2.7961497807378333
247 90.29394126242319 55.98239904413664 -0.026147060951886555
248 91.71778310126207 56.85613852819317 0.2268178433159595
249 86.89159567184963 57.434135704058605 0.19302623331347818
250 92.39936785156739 52.466633354085715 -0.12075239128736316
251 93.13146114639959 56.226404413815196 0.1627703140066727
252 93.11493424794834 55.70199846898406 0.26920473289753016
253 95.97523611475633 52.0550317265613 -0.17704015261189565
254 90.5446923663059 51.806701650693626 2.041925884016573
255 87.28784011829153 53.810197031764 -0.2723686178027852
256 90.6688395482654 55.6327218375542 -0.7055454371739566
257 93.30263010173688 52.09472596128098 0.32613626735460644
258 88.88354578743036 54.67292572672296 0.27349226209651245
259 94.56336522650508 60.941892615396746 1.4024881474293167
260 86.90445621574298 53.78862647409738 2.90699070802039
261 82.17072199436312 51.27076663560276 -1.7128868751542536
262 90.36593669881097 53.83774354330965 3.3780717193108996
263 84.7320659591231 55.768633642765174 2.5137279894401603
264 78.51994976312318 53.172149522215804 -0.41765955890836715
265 82.34843330768328 50.00923491408638 -0.8550806826080888
266 83.45828867485173 43.93221961123568 -3.0524866258169414
267 80.71973121993949 54.29356943336997 2.885590456078624
268 69.05832168184577 46.27563573259494 -0.01598831748361218
269 71.5419585713521 50.70781273038658 -0.6452035343361513
270 85.90974326142373 50.15016796876455 0.8072861432959575
271 73.87996890196548 47.474559942630535 4.31609032239907
272 80.58361543905664 47.33629400771533 0.6620724834905147
273 89.26376315053444 46.7190906794582 0.07690436488312369
274 84.13229987733621 44.88851924756713 0.9189615877664661
275 87.35298893934927 44.485556456801845 -0.09087463070342805
276 88.7725947907723 51.33589107095567 0.6413821576280113
277 84.79977752695446 49.2907329673096 1.8567975516377664
278 78.39926193082027 48.095516239914055 1.7243729169239974
279 78.89825189080348 52.2637642152485 1.2093487677776786
280 89.58494517860181 44.05777927324932 -0.14425808459906875
281 70.42193488490796 47.43957224260438 -0.9656483271716115
282 82.74514995448212 48.01533073367223 0.7846108078424223
283 78.04219512876517 41.79470376700618 -0.04154296574002969
284 70.60207626448248 43.47959430855198 0.20499354659301727
285 78.29437868220953 42.19228403895346 1.6527556854308034
286 69.11093813056858 40.08579340261673 0.8941068198742769
287 65.45143680833813 43.58971729084999 1.7901224569400005
288 76.44936987610453 40.460878713023945 0.7209922191300688
289 76.50520923287982 37.37037440774846 0.810223441255973
290 66.99371890635543 42.58113574713427 -0.5167664365353113
291 62.22195694944806 41.79754581847471 1.5523272767848635
292 67.99292924519763 46.13813896639715 1.0398863197552894
293 79.95835120447 31.51926241442056 2.794106467480522
294 73.07551302216275 32.2905796456193 2.9481490535371373
295 68.56316492337167 37.020112821962016 0.3704012942231839
296 67.65072162295527 37.29093104817783 0.07829347177123502
297 71.75806155537552 29.56119673929157 0.6336612874689829
298 67.0072740937568 37.41116279323309 0.0567844946424389
299 65.58792526858424 31.421484392863224 0.3836533060632547
300 73.43769945868546 37.098275677073055 0.023055962961599417
301 71.64609472897146 29.35902656182999 0.0350024724243795
302 69.82950778056203 37.18192582538746 0.037330369341461604
303 63.570468866146776 22.882569228549066 0.022509017910419843
304 77.89687918906279 29.81090379506342 0.0516579906247696
305 57.64501340655024 30.521423306522472 0.0066234980541062995
306 62.19798383441593 30.233275399781085 0.026355129492505448
307 70.28734682978661 29.713916868720837 -0.09801107013021602
308 67.93388398986994 30.02050825856414 0.4569579078484271
309 65.7564154448709 30.294381406218204 0.0261954666081336
310 78.00306576548792 30.804580815416976 0.6261350875704541
311 55.958590638108525 33.95802442370933 0.1100718010758773
312 49.63660513002842 38.32713022855965 -0.4029705820373795
313 64.88756159966641 42.38919281803214 0.18384506564137426
314 59.57972210520239 30.16366190598669 1.239324412480762
315 67.20731812218293 29.25975036194181 1.2445764783012594
316 55.058131683091474 22.979675916324442 0.2064504145348371
317 50.402186963595994 20.51466455410022 -0.16086902060025138
318 63.12633665085479 28.525666164950135 0.9873773764109268
319 49.98025350659022 29.646545833723035 -0.3800597455903078
320 55.69103142179555 19.051899446005763 0.8673195262201463
321 59.991114285211616 34.43741629153355 -0.0693697960513821
322 45.366811290488855 19.868865799138362 0.4347065881514028
323 47.899307413060306 33.89701871244583 0.660838549987568
324 50.165550512046835 28.643122329812265 -0.27488825973792613
325 42.16440946767192 10.797900408972339 0.24127820282847082
326 46.22173807327431 22.686177112632834 0.42817895055180266
327 49.63876958369911 48.6 -0.9041639338239089
328 46.491794247878474 13.317079545297144 0.0
329 52.564977739296914 24.922411212300766 0.0
330 44.78885505455575 43.8 0.0
331 49.272393490078485 18.602992695433404 0.0
332 50.920821694571494 17.46937313354618 0.0
333 36.9835778813409 14.050660422309187 0.0
334 42.333138151468425 15.332279509204882 0.0692909870807164
335 52.43792306990236 13.504773317646894 -0.012976325217614125
336 56.12858210546139 16.63595726733251 0.24621282393269187
337 38.557497706545156 13.038528267935071 0.01598611057096126
338 41.777251669006446 16.415722447606193 0.04977332421792075
339 46.947286470373705 14.988444453190557 -0.010047439783615275
340 43.68032102329965 19.743605607750215 -0.04383860000816359
341 50.886469674528776 10.142635549800076 0.08994307771085461
342 39.33151100024556 20.297048213968385 -0.131198508902928
343 55.670513324580725 11.587689142593764 0.06377145306557312
344 40.22727643363696 19.158374882931867 0.009243399595650126
345 47.36167472120287 13.756563509883915 0.16867934526571504
346 50.64899400591668 12.138592703485548 0.16053805288166922
347 44.465870343322145 16.969530529036888 0.8273301324965225
348 32.14757126927487 14.720952598529804 1.0347636969406184
349 47.110432291965054 23.93285201562351 -0.18254417941791656
350 40.768670850434525 21.007509639820892 0.5035653749387542
351 30.11217245068063 18.63506268551756 0.7660043831180563
352 40.41317006855426 13.826452393834005 1.6043636469848321
353 35.17079458971541 10.888666976299305 -0.044303842659330406
354 29.128076653529046 15.717620473007315 1.0361699158002606
355 34.20275844432936 33.2 1.6502611530030307
356 44.697230326404146 -2.1904644655879544 0.7133950623899578
357 31.703429298123474 13.323256687388966 1.2777956847339922
358 32.53652369882835 12.67823639963106 0.20248179704915958
359 25.66424342510508 17.000536159630546 0.36146981085242336
360 37.406840519338466 11.7720904487699 -1.2677849059662332
361 42.603768429983845 10.20921205995192 0.03749269241232933
362 29.2693145225654 1.040127034624204 1.925988490027665
363 29.928055470233797 10.021087787335235 1.7642903882755234
364 24.674285327137163 15.747628399661775 0.10709981814039998
365 38.616620916456796 12.689712723487622 0.575277401330785
