001 6.0 -11.0 0.0
002 14.0 -10.0 0.0
003 13.0 -5.0 0.0
004 31.0 1.0 0.0
005 37.0 -1.0 0.0
006 21.0 -7.0 0.0
007 27.0 26.0 0.0
008 28.0 -2.0 0.0
009 38.0 0.0 0.0
010 23.0 1.0 0.0
011 40.0 39.0 0.0
012 39.0 38.0 0.0
013 34.0 17.0 0.0
014 52.0 13.0 0.0
015 39.0 38.0 0.0
016 29.0 12.0 0.0
017 21.0 -3.0 0.0
018 41.0 12.0 0.0
019 34.0 20.0 0.0
020 36.0 12.0 0.0
021 39.0 3.0 0.0
022 23.0 17.0 1.0
023 44.0 12.0 0.0
024 53.0 12.0 0.0
025 47.0 23.0 0.0
026 50.0 18.0 0.0
027 38.0 19.0 0.0
028 42.0 17.0 0.0
029 46.0 14.0 0.0
030 56.0 16.0 0.0
031 42.0 17.0 0.0
032 48.0 11.0 0.0
033 36.0 18.0 0.0
034 39.0 17.0 0.0
035 39.0 13.0 0.0
036 37.0 12.0 0.0
037 38.0 21.0 0.0
038 43.0 12.0 0.0
039 48.0 14.0 0.0
040 41.0 13.0 0.0
041 41.0 13.0 0.0
042 43.0 29.0 0.0
043 49.0 17.0 0.0
044 38.0 16.0 0.0
045 45.0 15.0 0.0
046 50.0 18.0 0.0
047 47.0 46.0 0.0
048 52.0 13.0 0.0
049 48.0 12.0 0.0
050 53.0 17.0 0.0
051 46.0 10.0 0.0
052 42.0 16.0 0.0
053 48.0 22.0 0.0
054 30.0 18.0 0.0
055 28.0 27.0 0.0
056 46.0 45.0 0.0
057 43.0 42.0 0.0
058 49.0 19.0 0.0
059 49.0 20.0 0.0
060 60.0 13.0 0.0
061 40.0 11.0 0.0
062 21.0 18.0 0.0
063 44.0 17.0 0.0
064 43.0 13.0 0.0
065 40.0 1.0 0.0
066 43.0 26.0 0.0
067 31.0 19.0 0.0
068 33.0 3.0 0.0
069 43.0 42.0 0.0
070 34.0 17.0 0.0
071 43.0 17.0 1.0
072 28.0 27.0 0.0
073 42.0 10.0 1.0
074 49.0 17.0 0.0
075 52.0 10.0 0.0
076 52.0 21.0 0.0
077 54.0 28.0 0.0
078 43.0 24.0 0.0
079 54.0 24.0 0.0
080 32.0 26.0 0.0
081 42.0 27.0 0.0
082 50.0 19.0 0.0
083 54.0 21.0 0.0
084 56.0 26.0 0.0
085 54.0 20.0 0.0
086 58.0 22.0 0.0
087 62.0 22.0 0.0
088 48.0 24.0 0.0
089 53.0 23.0 0.0
090 61.0 26.0 0.0
091 58.0 28.0 0.0
092 61.0 24.0 0.0
093 63.0 24.0 0.0
094 59.0 25.0 0.0
095 59.0 29.0 0.0
096 55.0 27.0 0.0
097 57.0 29.0 0.0
098 57.0 27.0 0.0
099 53.0 27.0 0.0
100 48.0 31.0 0.0
101 60.0 28.0 0.0
102 56.0 30.0 0.0
103 59.0 34.0 0.0
104 52.0 29.0 0.0
105 60.0 24.0 0.0
106 56.0 25.0 0.0
107 48.0 26.0 0.0
108 52.0 33.0 0.0
109 61.0 29.0 0.0
110 62.0 24.0 0.0
111 56.0 29.0 0.0
112 70.0 31.0 0.0
113 66.0 28.0 0.0
114 61.0 37.0 1.0
115 61.0 35.0 0.0
116 64.0 29.0 0.0
117 62.0 30.0 1.0
118 61.0 35.0 1.0
119 72.0 34.0 5.0
120 73.0 34.0 0.0
121 58.0 33.0 7.0
122 57.0 39.0 1.0
123 57.0 40.0 8.0
124 63.0 35.0 10.0
125 61.0 34.0 5.0
126 64.0 36.0 3.0
127 63.0 30.0 2.0
128 81.0 32.0 15.0
129 74.0 37.0 1.0
130 75.0 42.0 1.0
131 65.0 43.0 7.0
132 56.0 40.0 5.0
133 59.0 38.0 2.0
134 55.0 40.0 3.0
135 71.0 43.0 2.0
136 68.0 36.0 2.0
137 81.0 44.0 0.0
138 70.0 47.0 5.0
139 67.0 43.0 2.0
140 65.0 38.0 0.0
141 65.0 44.0 3.0
142 81.0 55.0 0.0
143 72.0 41.0 3.0
144 75.0 49.0 2.0
145 74.0 43.0 3.0
146 68.0 49.0 3.0
147 72.0 48.0 0.0
148 67.0 43.0 1.0
149 67.0 38.0 1.0
150 82.0 47.0 2.0
151 70.0 46.0 2.0
152 64.0 50.0 1.0
153 82.0 46.0 2.0
154 73.0 47.0 0.0
155 65.0 45.0 1.0
156 65.0 44.0 0.0
157 64.0 47.0 4.0
158 63.0 44.0 1.0
159 74.0 48.0 3.0
160 60.0 52.0 1.0
161 74.0 46.0 4.0
162 78.0 55.0 2.0
163 80.0 55.0 1.0
164 81.0 46.0 2.0
165 84.0 52.0 2.0
166 85.0 57.0 1.0
167 83.0 55.0 0.0
168 83.0 59.0 1.0
169 89.0 56.0 2.0
170 86.0 58.0 3.0
171 81.0 60.0 0.0
172 93.0 60.0 2.0
173 81.0 63.0 1.0
174 90.0 59.0 1.0
175 95.0 68.0 1.0
176 94.0 58.0 0.0
177 77.0 57.0 0.0
178 97.0 61.0 0.0
179 93.0 64.0 0.0
180 96.0 63.0 0.0
181 87.0 56.0 0.0
182 88.0 64.0 0.0
183 85.0 56.0 5.0
184 85.0 64.0 0.0
185 87.0 64.0 2.0
186 88.0 60.0 4.0
187 90.0 63.0 1.0
188 99.0 69.0 8.0
189 87.0 63.0 9.0
190 89.0 68.0 1.0
191 90.0 59.0 4.0
192 89.0 62.0 5.0
193 88.0 60.0 8.0
194 94.0 67.0 5.0
195 83.0 67.0 4.0
196 94.0 67.0 3.0
197 90.0 61.0 3.0
198 94.0 67.0 6.0
199 91.0 66.0 6.0
200 91.0 66.0 2.0
201 91.0 66.0 1.0
202 92.0 67.0 7.0
203 93.0 62.0 11.0
204 95.0 66.0 3.0
205 95.0 66.0 7.0
206 91.0 66.0 1.0
207 86.0 62.0 3.0
208 93.0 66.0 0.0
209 91.0 61.0 4.0
210 92.0 65.0 3.0
211 86.0 65.0 3.0
212 94.0 66.0 6.0
213 95.0 58.0 1.0
214 87.0 63.0 5.0
215 93.0 64.0 1.0
216 93.0 64.0 2.0
217 89.0 62.0 3.0
218 83.0 63.0 2.0
219 81.0 62.0 5.0
220 85.0 65.0 3.0
221 88.0 60.0 2.0
222 83.0 61.0 7.0
223 77.0 61.0 2.0
224 89.0 62.0 1.0
225 90.0 64.0 1.0
226 90.0 63.0 0.0
227 89.0 64.0 5.0
228 85.0 63.0 1.0
229 90.0 60.0 0.0
230 85.0 65.0 1.0
231 84.0 65.0 1.0
232 81.0 60.0 2.0
233 99.0 63.0 0.0
234 88.0 59.0 0.0
235 87.0 59.0 1.0
236 91.0 60.0 2.0
237 92.0 59.0 1.0
238 86.0 58.0 1.0
239 90.0 61.0 2.0
240 94.0 64.0 0.0
241 88.0 56.0 1.0
242 83.0 61.0 0.0
243 89.0 61.0 0.0
244 87.0 62.0 0.0
245 90.0 56.0 1.0
246 89.0 58.0 0.0
247 87.0 55.0 0.0
248 91.0 62.0 0.0
249 95.0 55.0 0.0
250 85.0 59.0 0.0
251 96.0 60.0 0.0
252 93.0 57.0 0.0
253 78.0 59.0 0.0
254 98.0 61.0 1.0
255 90.0 62.0 1.0
256 89.0 58.0 0.0
257 90.0 56.0 0.0
258 80.0 54.0 1.0
259 80.0 54.0 2.0
260 92.0 56.0 0.0
261 80.0 54.0 2.0
262 83.0 59.0 1.0
263 84.0 56.0 1.0
264 86.0 51.0 1.0
265 94.0 47.0 0.0
266 86.0 53.0 2.0
267 81.0 48.0 3.0
268 91.0 54.0 3.0
269 87.0 50.0 4.0
270 75.0 45.0 1.0
271 78.0 50.0 3.0
272 83.0 47.0 2.0
273 74.0 50.0 1.0
274 83.0 54.0 2.0
275 92.0 48.0 3.0
276 81.0 49.0 1.0
277 81.0 47.0 2.0
278 82.0 48.0 2.0
279 71.0 46.0 1.0
280 79.0 49.0 2.0
281 68.0 44.0 1.0
282 70.0 43.0 1.0
283 72.0 39.0 0.0
284 78.0 43.0 1.0
285 84.0 42.0 0.0
286 81.0 40.0 2.0
287 80.0 49.0 1.0
288 75.0 35.0 0.0
289 69.0 43.0 0.0
290 70.0 41.0 1.0
291 64.0 43.0 2.0
292 75.0 31.0 1.0
293 54.0 37.0 1.0
294 66.0 37.0 2.0
295 82.0 31.0 0.0
296 71.0 33.0 0.0
297 61.0 33.0 1.0
298 66.0 30.0 1.0
299 61.0 37.0 2.0
300 65.0 31.0 0.0
301 54.0 29.0 0.0
302 73.0 35.0 0.0
303 73.0 30.0 0.0
304 55.0 33.0 0.0
305 65.0 35.0 0.0
306 73.0 36.0 0.0
307 65.0 25.0 0.0
308 72.0 35.0 0.0
309 69.0 30.0 0.0
310 60.0 32.0 0.0
311 67.0 36.0 0.0
312 72.0 31.0 0.0
313 53.0 24.0 1.0
314 68.0 35.0 0.0
315 66.0 38.0 0.0
316 55.0 21.0 0.0
317 53.0 32.0 1.0
318 52.0 29.0 0.0
319 42.0 30.0 0.0
320 43.0 26.0 0.0
321 39.0 19.0 0.0
322 47.0 16.0 0.0
323 54.0 25.0 0.0
324 44.0 17.0 0.0
325 54.0 23.0 0.0
326 48.0 21.0 1.0
327 44.0 30.0 0.0
328 47.0 29.0 0.0
329 36.0 18.0 0.0
330 43.0 18.0 0.0
331 48.0 21.0 0.0
332 45.0 16.0 0.0
333 36.0 16.0 0.0
334 42.0 19.0 0.0
335 48.0 14.0 0.0
336 49.0 17.0 0.0
337 35.0 16.0 0.0
338 50.0 16.0 0.0
339 43.0 42.0 0.0
340 52.0 16.0 0.0
341 54.0 13.0 0.0
342 46.0 14.0 0.0
343 46.0 20.0 0.0
344 49.0 21.0 0.0
345 38.0 19.0 0.0
346 39.0 15.0 0.0
347 42.0 22.0 1.0
348 50.0 17.0 2.0
349 42.0 17.0 1.0
350 42.0 19.0 1.0
351 43.0 17.0 2.0
352 35.0 18.0 0.0
353 41.0 13.0 1.0
354 34.0 33.0 1.0
355 27.0 19.0 0.0
356 28.0 13.0 1.0
357 35.0 34.0 1.0
358 32.0 31.0 1.0
359 17.0 16.0 1.0
360 30.0 10.0 1.0
361 40.0 10.0 1.0
362 29.0 28.0 3.0
363 27.0 26.0 1.0
364 33.0 32.0 1.0
365 26.0 25.0 0.0
