2011001   8.7 -12.4  -6.0   1.0   1.8 71.5
2011002   9.2 -14.2  -4.0   1.5   1.3 69.8
2011003   8.3 -15.3   4.1   1.0   1.0 71.8
2011004   9.7 -18.8   1.4   0.0   1.1 75.1
2011005   8.1 -12.9   4.7   0.0   1.2 74.0
2011006   7.9  -2.3   7.5   0.0   1.9 69.8
2011007   9.0 -12.0   7.3   0.0   2.8 70.8
2011008   4.6 -10.5  -2.1   0.0   2.6 87.3
2011009   3.1 -19.1  -7.5   0.0   2.6 94.8
2011010   7.1 -21.8 -12.3   0.0   2.4 88.2
2011011  10.8 -25.3 -11.2   0.0   1.2 68.8
2011012  10.9 -25.2  -5.3   0.0   1.7 73.0
2011013   8.6 -15.5   3.4   5.1   1.6 77.7
2011014   9.1  -7.6   3.1   0.0   1.1 79.8
2011015   4.7  -5.5  -3.0   0.0   1.9 97.5
2011016   5.1  -9.9   2.7   0.0   2.1 92.8
2011017   6.5   0.8  15.6   0.0   2.4 77.5
2011018   4.6  -6.1   6.2   0.3   2.1 90.5
2011019   3.0 -16.3  -7.1   0.0   2.5 94.1
2011020  10.2 -24.3  -2.7   0.8   2.1 84.5
2011021   8.1  -1.0   8.1   3.3   1.5 75.8
2011022   6.3  -7.3   8.6   1.8   3.3 80.4
2011023   9.2  -9.2   5.3   0.0   2.4 73.0
2011024   9.7 -10.2   3.8   0.0   1.6 70.1
2011025  11.0 -10.2   5.2   0.0   1.4 67.5
2011026  11.4 -11.8   7.9   0.0   1.3 73.9
2011027  11.1  -3.3  14.5   0.0   1.5 64.8
2011028  11.5  -1.7   9.9   0.0   1.4 59.1
2011029  10.8  -2.7   3.1   0.0   2.5 76.8
2011030   3.1 -10.5  -2.1   0.0   3.0 95.2
2004031   5.0  -8.7  -4.9   0.0   2.6 78.2
2004032   8.5 -21.3  -2.7   0.0   2.0 90.0
2004033   8.6 -19.0  -3.7   0.0   1.5 83.0
2004034   9.9 -10.5   0.9   0.0   3.0 75.8
2004035   4.1 -12.2  -4.7   0.0   4.8 91.5
2004036   8.8 -13.9  -0.1   0.0   2.5 84.0
2004037  12.7 -21.2  -1.7   0.0   2.1 77.7
2004038  13.3 -15.5  -0.6   0.0   2.2 71.9
2004039   8.5  -9.1   6.8   0.0   3.3 80.3
2004040  13.3 -12.7   3.7   0.0   1.6 72.2
2004041  13.5 -12.6   4.1   0.0   2.2 67.7
2004042  12.5 -10.8   0.7   0.0   2.7 68.9
2004043  14.3 -18.9  -1.1   0.0   2.2 65.8
2004044  14.4 -12.7   2.6   0.0   1.7 58.8
2004045   5.5 -11.8  -5.3   0.0   2.2 91.3
2004046   8.8 -13.7   0.6   0.0   2.4 86.7
2004047  13.6 -13.6   8.1   0.0   1.3 66.9
2004048  13.6  -6.2  12.5   0.0   3.0 58.6
2004049  13.3  -0.7  19.9   0.0   2.3 57.8
2004050   5.8   4.9  11.0   0.0   2.4 57.3
2004051  13.6  -2.0  12.5   0.0   2.6 54.6
2004052  11.8 -12.1   8.0   0.0   2.2 63.9
2004053  14.5  -1.2  11.3   0.0   1.7 62.1
2004054   9.4  -4.4   6.0   0.0   1.9 82.2
2004055  10.0  -6.3   5.6   0.0   2.0 72.5
2004056  10.6 -15.0   3.4   0.0   3.8 71.9
2004057  13.9  -2.6  10.6   0.0   5.0 58.6
2004058  12.4  -4.9  14.6   0.0   2.3 65.5
2019059  14.2 -15.8  -2.6   0.0   1.6 68.9
2019060  15.1  -8.8   0.8   0.0   3.7 73.0
2019061   9.5 -10.1  -9.7   0.0   3.6 82.0
2019062  16.3 -18.1 -10.1   0.0   3.0 61.4
2019063  18.0 -24.1 -11.5   0.0   2.4 62.7
2019064  18.0 -22.3  -9.8   0.0   2.3 63.4
2019065   9.3 -17.9  -3.7   0.0   1.6 74.5
2019066   6.0 -17.9  -4.7   0.0   1.9 91.7
2019067  14.3  -8.8   4.6   0.0   2.6 83.0
2019068   9.7  -1.6   5.8   0.3   4.8 80.2
2019069  17.3  -8.8   0.4   0.0   2.6 64.6
2019070  14.7  -3.7  14.4   0.0   2.5 74.6
2019071   6.2  -0.8   6.8   0.0   1.5 86.2
2019072   1.9   3.5   9.5   1.3   5.7 88.8
2019073  13.1  -8.0   5.7   0.3   8.9 64.5
2019074  19.6  -7.5  10.5   0.0   2.4 56.9
2019075  19.4  -7.0  12.4   0.0   2.1 58.6
2019076  19.4  -2.4  11.4   0.0   2.9 59.4
2019077  12.6  -8.1   8.7   0.0   1.6 66.9
2019078  12.8  -7.8   6.7   0.0   2.0 77.3
2019079  20.2  -8.1  19.4   0.0   3.1 58.5
2019080  20.2  -1.8  18.9   0.0   1.6 58.5
2019081  10.0   5.2  19.0   0.0   2.5 63.9
2019082   3.9   2.6  13.0   0.3   1.8 85.2
2019083   5.8  -0.4  13.6   0.0   1.9 78.6
2019084   9.9   4.7   6.9   0.3   1.9 76.1
2019085  17.6  -1.7  15.3   0.0   3.6 68.9
2019086  16.0   2.4  20.2   0.0   2.2 58.0
2019087   6.0  -0.9  11.4   0.0   4.1 66.6
2019088   3.7  -6.1   3.7  11.7   2.7 88.2
2019089  20.1  -6.7   5.5   4.8   3.5 78.1
2018090  10.3  -3.5   8.3   0.0   5.0 68.0
2018091  16.6  -3.5  -5.2   1.8   2.1 88.5
2018092  18.3  -2.9  13.5   1.5   3.7 68.7
2018093  23.1 -11.7   2.5   0.3   5.1 64.9
2018094  20.6 -10.3  19.2   0.0   2.9 52.9
2018095  21.8  -2.5  17.0   0.0   2.4 58.9
2018096   9.9  -7.7   1.4   0.0   4.2 77.4
2018097  24.2  -9.9   6.9   0.0   3.3 66.6
2018098  20.3  -7.1  15.1   0.0   6.3 48.6
2018099  20.8  -5.1  13.8   0.0   3.1 64.0
2018100  24.0  -2.1  17.4   0.0   1.9 56.0
2018101  17.2   5.3  26.8   0.0   2.8 38.5
2018102  14.3   4.3  19.9   0.0   3.7 66.6
2018103   3.7  -6.8  11.1   0.0   8.1 84.9
2018104  19.5  -8.1  -5.1   0.0   8.4 78.8
2018105  27.6 -14.1   4.8   0.0   3.6 64.1
2018106  24.6 -12.7   7.8   0.0   3.2 62.0
2018107  24.4  -7.1  18.1   0.0   6.0 65.3
2018108  22.4   5.6   9.0   0.0   6.5 65.4
2018109  26.1  -5.6   7.6   0.0   3.1 63.8
2018110   4.5   1.6  10.1   6.3   4.1 74.4
2018111   4.7   1.6   0.2   4.0   2.2 88.6
2018112  19.8   0.9   8.6   0.0   1.3 73.9
2018113  25.0   6.4  16.1   0.0   2.4 65.2
2018114   5.4   1.2  10.2   4.4   5.8 83.9
2018115  27.1   4.6  20.2   0.0   2.6 60.1
2018116  23.5   1.6  15.5   0.0   4.5 55.5
2018117  27.7   6.7  26.0   0.0   3.0 50.7
2018118  27.2   1.6  16.5   0.0   4.1 54.0
2018119  24.3   7.9  22.2   0.0   8.2 48.0
2019120   5.3  -3.5   0.8  11.7   2.1 95.6
2019121   4.2  -0.1   8.6   1.0   1.7 86.4
2019122  25.9  -3.8  13.0   0.0   2.6 64.8
2019123  24.2   6.5  22.7   0.0   3.7 60.2
2019124  21.3   1.7  28.7   0.0   3.3 59.1
2019125  26.0  11.4  19.7   0.0   3.3 72.5
2019126   4.2   0.8  10.4   0.5   3.4 85.9
2019127   2.2   0.8   1.6   3.5   2.1 93.7
2019128   4.1   2.0   8.0  11.2   4.9 89.9
2019129  18.0  -3.2  10.3   0.0   3.8 58.5
2019130  19.4  -2.6  15.5   0.0   2.8 66.6
2019131  16.7   3.0  17.4   0.3   2.9 70.7
2019132  27.8   1.0  21.7   0.0   2.4 57.9
2019133  26.6  -3.3  24.7   0.0   1.8 58.2
2019134  26.9  11.0  24.6   0.0   1.8 56.4
2019135  26.8   7.7  24.3   0.0   2.0 55.1
2019136  23.8   8.7  26.1   1.8   2.1 61.7
2019137  16.8   7.4  27.4   9.9   4.1 72.0
2019138  24.0   9.6  19.7   0.0   3.7 72.1
2019139  23.0   3.1  13.1   0.0   5.0 63.3
2019140   1.4   3.1   5.6  12.7   2.5 90.7
2019141   1.5   3.1   1.4  55.1   3.5 95.4
2019142  20.9   6.4  13.1   0.3   3.9 70.4
2019143   9.6   1.5   7.7  10.9   1.3 79.7
2019144  28.2   1.1  22.2   0.0   3.0 62.1
2019145  28.6   9.5  18.5   0.0   1.6 62.0
2019146   8.4  11.7  23.8   4.3   2.6 79.2
2019147  15.5  17.3  22.4  41.4   2.2 79.8
2019148   4.8   8.2  13.8   9.4   3.9 92.9
2019149   9.2   7.2  16.0   0.8   2.7 77.4
2019150  24.1   8.7  26.5   0.0   2.4 58.7
2012151  14.1   9.8  27.9   1.5   3.2 66.0
2012152  24.2   6.6  21.9   0.0   2.1 70.4
2012153  18.5   7.5  28.4   2.0   2.0 66.7
2012154  28.4   5.7  33.3   0.0   1.8 61.5
2012155  26.6  12.0  33.7   0.0   2.2 52.4
2012156  28.2  16.0  34.2   0.0   2.4 57.4
2012157  27.1  15.2  30.3   0.0   3.7 55.5
2012158  25.6  18.8  30.6   0.0   4.6 48.3
2012159  22.2  15.5  29.1   0.0   4.4 58.2
2012160  27.6  12.6  31.2   0.0   5.2 50.3
2012161  27.9  20.3  40.0   0.0   6.3 47.0
2012162  20.9  10.3  23.3   0.0   3.8 45.8
2012163  29.2  11.2  28.2   0.0   1.9 42.6
2012164  18.6   7.9  25.0   2.5   3.9 59.4
2012165  28.0  11.4  35.1   0.0   4.6 42.3
2012166  17.9  22.8  29.3   0.0   4.0 60.4
2012167  24.7  14.8  29.1   0.0   2.8 54.5
2012168  26.1  16.8  33.1   0.3   2.8 56.9
2012169  28.4  17.4  39.5   0.0   3.8 51.9
2012170  28.3  18.4  35.7   0.0   3.3 26.2
2012171  27.2  18.0  38.3   0.0   4.8 46.0
2012172  14.4  11.9  25.9   0.5   4.8 58.9
2012173  29.6  10.5  26.2   0.0   1.6 57.2
2012174  26.9  17.0  29.0  15.0   6.5 57.2
2012175  26.5  22.3  32.6   0.0   4.2 65.3
2012176  25.9  20.2  33.8   0.0   3.1 72.1
2012177  22.9  21.7  28.9   0.0   4.0 67.3
2012178  28.3  18.2  36.8   0.0   3.1 53.8
2012179  27.8  18.5  30.3   0.0   2.6 41.6
2012180  25.2  19.2  33.2   0.8   2.5 56.9
2004181  24.0  16.0  30.0   0.0   4.2 64.4
2004182  22.5  16.2  32.1   0.0   3.2 71.5
2004183  11.0  14.4  21.4   9.0   1.2 88.9
2004184  18.9  17.2  29.8   1.0   1.4 76.1
2004185  25.3  14.6  31.8   4.0   1.4 64.4
2004186  24.7   9.6  32.2   3.0   2.0 70.9
2004187  19.9  13.3  26.7   1.0   1.1 72.1
2004188  25.8   8.4  22.9   0.0   1.6 68.2
2004189  24.9  16.1  29.8   0.0   2.9 67.3
2004190  21.1  13.9  29.3   4.0   2.4 75.8
2004191  25.3  16.8  31.0   1.0   2.4 71.3
2004192  22.2  13.8  30.3  15.0   3.4 72.3
2004193  27.4  16.7  33.6   0.0   1.8 66.8
2004194  27.6  14.6  33.8   0.0   1.2 68.0
2004195  27.3  13.0  29.4   0.0   2.7 79.3
2004196  24.8  20.4  27.7   0.0   3.2 68.2
2004197  25.3  13.8  33.5   0.0   1.5 66.1
2004198  21.9  15.5  29.6   0.0   1.7 69.3
2004199  24.6  17.4  30.2   0.0   1.4 67.1
2004200  27.1  20.0  34.5   0.0   2.6 60.1
2004201  27.1  15.9  32.6   0.0   1.6 56.5
2004202  25.9  22.2  33.2   3.0   2.2 60.7
2004203  22.5  22.0  35.4   3.0   1.5 69.7
2004204  17.5  19.6  27.3   0.0   3.5 70.5
2004205   7.5  15.7  22.4   5.0   2.2 82.7
2004206  13.3   9.9  21.2   5.0   2.5 76.5
2004207  19.6  10.9  26.1   0.0   1.7 73.1
2004208  25.0   9.5  23.3   0.0   4.1 70.2
2004209  24.8  15.2  28.9   0.0   5.8 67.7
2004210  18.2  17.7  23.0  23.0   2.4 78.1
2004211  25.1   8.5  26.9  28.0   2.1 68.1
2022212  21.8  16.5  31.6   0.0   2.3 62.9
2022213  25.6  13.9  37.5   0.0   2.4 55.1
2022214  24.0  19.3  35.7   1.5   2.4 52.3
2022215  25.5  15.5  31.5   0.0   1.4 52.8
2022216  25.5  18.0  36.6   0.0   3.8 58.0
2022217  25.1  20.8  36.7   0.0   5.3 57.1
2022218  21.7  23.1  31.4   0.0   3.4 68.3
2022219   7.2  14.3  23.1   0.8   2.6 81.8
2022220  26.1  12.7  32.5   0.0   2.1 64.7
2022221  25.5  18.1  35.3   0.0   3.2 57.4
2022222  25.7  16.4  37.0   0.0   2.7 53.4
2022223  24.8  14.1  37.3   0.0   3.7 49.7
2022224  25.1  16.2  37.5   0.0   3.6 47.4
2022225  24.6  14.3  32.1   0.0   2.3 58.5
2022226  22.6  23.4  37.9   0.0   2.1 67.8
2022227  18.2  18.7  31.8  11.7   1.8 72.6
2022228   6.7  14.3  19.8   0.3   1.5 82.2
2022229  13.8  17.2  27.0   0.0   1.7 74.8
2022230  22.6  17.4  30.5   0.0   1.9 65.6
2022231  21.7   9.8  26.7   0.0   1.9 62.3
2022232  23.1  10.4  24.6   0.0   1.6 65.6
2022233  24.1  13.3  33.0   0.0   2.3 62.3
2022234  23.6  13.6  31.4   0.0   2.3 58.9
2022235  23.9   8.5  31.6   0.0   3.3 53.6
2022236  20.6  11.2  33.1   0.0   1.8 51.0
2022237  20.9  20.5  34.0   0.0   1.7 49.0
2022238  12.8  13.7  38.7   0.0   2.8 52.7
2022239  22.8  20.9  30.6   0.0   3.0 53.6
2022240  22.6  18.1  38.2   0.0   2.4 49.8
2022241  22.6   8.8  32.0   0.0   1.5 56.5
2022242  22.9  11.4  33.6   0.0   2.0 57.0
2012243  22.8  19.3  34.1   0.0   2.3 37.0
2012244  22.2  10.2  35.6   0.0   2.0 55.3
2012245  22.3   9.3  34.9   0.0   2.8 51.6
2012246  18.8  17.9  33.2   0.0   2.4 48.0
2012247  14.2  19.2  38.1   0.0   1.2 52.8
2012248  20.9   8.0  33.5   0.0   0.9 52.4
2012249  22.8  10.4  29.2   0.0   2.5 44.4
2012250  22.2   8.9  37.6   0.0   2.6 37.3
2012251  12.2  12.6  25.5   0.0   2.8 61.4
2012252  23.4   5.2  31.8   0.0   1.2 57.9
2012253  23.1   4.3  30.0   0.0   2.9 59.0
2012254  22.8  13.7  36.1   0.0   5.6 40.8
2012255  20.9  16.2  33.9   0.0   3.8 39.0
2012256   7.6   9.2  21.5   2.3   4.2 63.2
2012257  19.8   2.2  21.7   0.0   1.7 61.5
2012258  21.8   1.9  30.3   0.0   1.8 56.8
2012259  21.8  11.1  29.5   0.0   3.7 47.8
2012260  18.0   2.1  28.9   0.0   3.0 52.6
2012261  14.4   6.2  14.9   0.0   3.3 60.6
2012262  19.9   6.2  30.8   0.0   1.0 59.2
2012263  19.0   7.0  26.6   0.0   2.0 53.2
2012264  16.8   4.7  28.3   0.0   1.3 53.5
2012265  20.5   7.0  30.5   0.0   1.3 48.2
2012266  20.4   3.3  20.9   0.0   1.7 59.0
2012267  17.9   4.0  23.7   0.0   2.9 52.3
2012268  11.1   7.0  21.5   0.0   1.5 65.6
2012269  13.0   2.6  24.8   0.0   1.0 67.2
2012270  18.0   4.3  25.6   0.0   1.7 60.8
2012271  16.3   7.0  25.7   0.0   1.4 63.1
2012272  17.6  12.7  24.8   0.0   1.6 56.6
2005273  17.9   2.8  26.8   0.0   1.9 58.8
2005274  17.2  10.9  30.7   0.0   3.0 63.0
2005275  15.8  14.0  29.8   0.0   2.4 58.1
2005276  17.1  11.2  26.8   0.0   2.3 55.2
2005277   8.3  10.7  11.6   2.3   3.1 88.5
2005278  13.4  -1.9  11.7   0.8   2.0 69.3
2005279  12.8  -5.5   8.5   0.0   1.3 65.6
2005280  16.6  -2.0  11.5   0.0   3.2 63.9
2005281  16.8  -1.4  18.8   0.0   5.1 55.1
2005282   5.5   7.0  13.7   0.0   3.5 58.2
2005283   2.6   7.0   4.7   4.3   2.5 88.3
2005284   2.3   7.0   6.5  10.9   0.9 99.0
2005285  11.8  -2.0  23.3   0.3   1.0 74.7
2005286  15.2   3.8  21.3   0.0   1.1 65.2
2005287  15.6   6.3  20.7   0.0   1.5 60.4
2005288  15.1   3.3  20.3   0.0   3.2 66.2
2005289  13.3   5.1  22.4   0.0   2.9 71.0
2005290  13.8   9.9  25.4   0.0   1.4 63.0
2005291  14.6   8.2  31.9   0.0   1.7 56.9
2005292   6.4   4.8  12.4   1.5   3.3 72.4
2005293  13.3   3.6  18.8   0.0   1.2 60.6
2005294   7.9   2.7  16.4   0.5   1.2 76.1
2005295  12.2  -0.6  16.7   0.0   1.8 64.8
2005296  14.2  -3.8   4.5   0.0   1.1 64.1
2005297  14.2  -4.6  15.7   0.0   1.8 63.8
2005298  13.9  -6.4  19.8   0.0   2.0 60.9
2005299  13.2  -8.4  21.0   0.0   1.3 60.5
2005300  13.2  -3.1  16.5   0.0   3.5 65.6
2005301  11.6   4.4  20.5   0.0   4.3 59.6
2005302   8.4  10.1  18.5   0.3   1.8 73.6
2005303  10.4   1.0  16.1   0.0   1.3 72.8
2014304  12.6  -3.2   6.9   0.0   3.6 62.9
2014305  11.7  -0.4  14.3   0.0   6.0 48.4
2014306  10.7   2.5  16.1   0.0   1.9 58.5
2014307   3.1   0.8   8.8   0.5   2.6 78.6
2014308  12.5  -4.6   9.9   0.3   1.5 65.8
2014309  11.9   6.5  19.5   0.0   2.0 49.9
2014310  12.0  -1.8  21.0   0.0   2.3 64.6
2014311   8.4   2.0  17.8   0.0   2.7 50.8
2014312  11.7  -1.4  20.7   0.0   1.4 67.7
2014313  11.2  -0.6  22.1   0.0   1.3 60.3
2014314   5.1  -7.3   7.4   0.0   4.4 68.7
2014315   9.9 -13.0  -6.3   0.0   2.9 70.3
2014316   8.8 -16.4  -8.4   0.0   2.4 58.6
2014317  12.0 -15.0   0.7   0.0   1.5 56.5
2014318   6.3  -8.8  -5.2   0.0   4.3 50.3
2014319   3.7 -18.1  -2.8   0.0   2.5 74.6
2014320  11.6 -17.3   3.5   0.0   2.4 61.3
2014321   8.6 -14.7  -8.8   0.0   1.8 64.4
2014322  10.7 -13.4  12.1   0.0   1.6 57.4
2014323   6.9  -6.5   4.5   0.0   1.2 73.0
2014324  10.7 -17.1   7.3   0.0   1.6 68.6
2014325   7.8  -9.5   9.4   0.0   2.8 63.3
2014326   9.2  -9.1  21.4   0.0   1.2 54.6
2014327   5.2  -5.4  12.6   0.0   2.7 49.3
2014328   9.9  -4.5   8.4   0.0   2.0 62.9
2014329   4.9  -6.5   6.7   0.0   1.6 64.3
2014330   6.6  -3.2   2.2   0.0   2.3 72.8
2014331   9.3 -11.4  12.0   0.0   2.6 63.4
2014332   8.7  -5.4  22.1   0.0   1.2 54.0
2014333   8.4  -5.1  15.9   0.0   1.4 51.7
2008334   6.6  -9.9   8.6   0.0   1.9 68.5
2008335   6.6  -1.7   9.5   0.0   4.9 57.4
2008336   8.4  -9.2   8.4   0.0   2.8 57.8
2008337   6.9  -0.2  15.8   0.0   2.0 56.5
2008338   4.9  -6.0   2.2   0.0   3.6 60.9
2008339   4.7 -12.9  -9.9   0.0   1.9 67.0
2008340   5.5 -16.0   5.2   0.0   2.1 72.9
2008341   3.5  -0.7   5.9   0.0   1.7 66.3
2008342   4.6  -6.1   9.0   0.0   1.6 72.5
2008343   0.9  -5.6   6.7   0.0   2.5 80.2
2008344   9.2 -14.8  -2.4   0.0   3.6 66.4
2008345   6.2 -16.1  12.2   0.0   1.6 65.0
2008346   6.9  -3.6   9.0   0.0   1.7 78.2
2008347   4.7  -6.3   4.0   0.0   2.5 76.0
2008348   6.3  -5.6  12.4   0.0   2.1 77.5
2008349   4.8 -17.9  -5.3   0.0   4.2 73.6
2008350   9.0 -22.6 -14.8   0.0   1.3 59.9
2008351   8.0 -17.9  -5.4   0.0   2.8 77.0
2008352   7.8 -15.8   1.5   0.0   1.8 75.0
2008353   6.0 -14.0   1.5   0.0   1.6 89.9
2008354   7.9 -16.6   1.9   0.0   1.7 84.3
2008355   6.7 -21.8  -8.0   0.0   2.5 75.6
2008356   8.8 -18.2 -17.4   0.0   1.7 62.5
2008357   5.7 -13.9  -4.8   0.0   5.5 67.8
2008358   4.1 -16.3  -6.1   0.0   2.1 75.5
2008359   8.9 -18.4  -0.1   0.0   2.2 70.7
2008360   7.4 -17.4   2.6   0.0   2.0 79.3
2008361   7.7 -16.7  13.8   0.0   1.6 75.7
2008362   8.5  -7.2   0.2   0.0   1.8 65.2
2008363   7.9  -9.9  16.1   0.0   2.0 68.5
2008364   8.0   3.2  12.1   0.0   2.7 70.3
