001 5.7 -10.7 0.0
002 23.2 -10.6 0.19
003 14.6 -9.5 0.22
004 40.1 -1.6 0.07
005 20.9 -5.3 0.04
006 27.5 -0.8 0.14
007 31.3 30.3 0.06
008 40.5 -3.5 0.46
009 21.9 20.9 0.15
010 26.9 0.2 0.53
011 33.6 -0.9 0.17
012 32.4 14.0 0.36
013 21.6 20.6 0.5
014 43.4 22.9 0.19
015 32.8 31.8 0.21
016 51.3 50.3 0.42
017 41.4 4.7 0.25
018 42.9 41.9 0.33
019 20.8 12.0 0.09
020 55.6 54.6 0.11
021 40.8 15.8 0.44
022 25.2 17.9 0.15
023 35.5 34.5 0.06
024 30.6 16.2 0.4
025 45.8 44.8 0.18
026 33.0 32.0 0.26
027 38.9 20.4 0.34
028 45.9 23.2 0.25
029 34.7 22.7 0.01
030 42.5 24.0 0.07
031 47.0 19.7 0.27
032 43.9 42.9 0.11
033 42.9 10.0 0.42
034 52.3 20.8 0.2
035 37.4 36.4 0.24
036 48.5 18.2 0.13
037 39.4 10.0 0.07
038 27.5 16.3 0.03
039 39.4 12.6 0.08
040 34.8 18.3 0.0
041 46.4 21.8 0.08
042 41.1 23.7 0.21
043 44.0 20.6 0.57
044 48.4 20.8 0.03
045 53.9 14.3 0.14
046 54.4 14.9 0.0
047 46.0 20.3 0.0
048 52.4 17.6 0.0
049 41.8 20.2 0.0
050 49.7 15.9 0.0
051 47.2 21.0 0.0
052 57.4 14.1 0.0
053 53.3 14.6 0.0
054 47.0 23.7 0.0
055 32.3 31.3 0.0
056 48.1 11.1 0.0
057 49.6 17.3 0.0
058 44.5 18.5 0.0
059 32.3 12.4 0.0
060 53.4 18.0 0.0
061 58.6 13.2 0.0
062 55.0 2.3 0.0
063 48.5 11.2 0.0
064 38.3 22.5 0.0
065 34.7 21.0 0.0
066 47.5 46.5 0.29
067 44.4 23.4 0.29
068 39.3 22.6 0.45
069 44.6 18.0 0.05
070 43.5 19.4 0.5
071 17.8 16.8 0.13
072 62.5 13.4 0.31
073 35.0 16.2 0.01
074 42.8 13.4 0.37
075 62.4 61.4 0.23
076 52.9 11.8 0.38
077 37.5 17.7 0.48
078 46.7 32.4 0.53
079 51.8 20.9 0.08
080 47.2 22.7 0.13
081 49.2 23.8 1.2
082 50.1 24.4 0.11
083 43.9 20.4 0.7
084 29.4 20.2 0.24
085 69.7 21.4 0.49
086 61.0 17.2 0.34
087 46.3 29.6 0.01
088 55.4 20.5 0.37
089 54.1 24.8 0.22
090 63.4 24.1 0.19
091 58.5 27.1 0.32
092 54.9 26.1 0.11
093 60.5 28.3 0.14
094 54.1 27.3 0.01
095 64.2 25.0 0.13
096 56.2 23.4 0.07
097 51.3 27.6 0.0
098 56.6 27.4 0.06
099 51.0 34.0 0.35
100 63.5 32.2 0.04
101 52.3 31.6 0.02
102 56.0 24.5 0.1
103 63.6 31.7 0.03
104 58.3 22.6 0.11
105 52.9 28.9 0.06
106 53.1 28.7 0.07
107 61.7 26.6 0.07
108 66.9 28.2 0.07
109 60.1 25.1 0.09
110 61.2 26.6 0.0
111 57.4 26.4 0.0
112 58.2 29.5 0.0
113 56.7 39.9 0.94
114 62.5 26.8 1.1
115 68.2 30.6 1.14
116 53.3 25.0 0.12
117 73.4 31.2 0.72
118 50.3 30.3 0.53
119 58.1 36.1 5.36
120 67.8 31.5 0.92
121 58.1 30.9 1.07
122 62.1 37.5 1.73
123 70.4 36.3 1.44
124 65.9 39.5 1.4
125 65.4 39.1 6.52
126 57.7 36.4 4.9
127 59.8 33.3 17.75
128 53.1 42.8 7.96
129 64.0 37.6 2.38
130 66.5 46.6 3.6
131 78.9 40.0 2.47
132 68.2 49.0 0.39
133 73.7 36.9 17.9
134 71.6 37.6 8.77
135 63.6 43.7 1.27
136 64.5 48.5 0.26
137 76.9 37.8 12.23
138 63.7 43.1 6.9
139 61.2 49.8 3.92
140 72.1 38.6 6.74
141 72.4 41.1 4.75
142 68.6 46.6 0.31
143 70.8 47.6 3.15
144 70.2 45.5 2.14
145 73.0 40.0 0.62
146 81.4 48.3 0.41
147 80.3 35.9 1.59
148 76.5 48.6 1.64
149 78.5 46.3 2.04
150 79.8 43.2 2.77
151 69.6 45.7 1.62
152 62.4 43.2 1.64
153 61.1 44.4 1.96
154 70.4 43.0 0.51
155 71.5 49.3 2.49
156 67.9 49.4 1.84
157 78.4 41.1 2.65
158 89.2 45.7 1.33
159 67.2 50.4 1.98
160 81.6 49.5 2.8
161 76.1 46.7 2.35
162 74.7 47.7 0.89
163 73.6 48.4 0.37
164 87.5 51.1 0.03
165 76.9 54.9 0.99
166 83.8 59.9 1.96
167 80.9 53.4 2.18
168 81.3 57.8 2.25
169 90.6 55.7 2.49
170 79.8 62.3 1.4
171 91.0 63.2 3.13
172 83.8 66.1 0.65
173 89.1 54.8 0.09
174 86.9 61.0 0.21
175 86.6 59.9 1.22
176 82.7 64.8 0.57
177 96.2 67.8 1.46
178 84.3 64.3 0.06
179 91.7 65.0 0.11
180 90.4 65.5 0.03
181 97.8 64.1 0.06
182 92.2 65.1 0.01
183 91.0 62.0 9.04
184 84.8 63.8 5.58
185 88.2 64.5 2.52
186 93.0 69.0 4.95
187 91.9 63.8 2.11
188 86.9 58.5 7.27
189 92.0 67.7 3.41
190 90.4 63.4 5.28
191 93.0 58.3 0.33
192 89.0 68.8 11.55
193 87.2 65.3 11.88
194 88.9 64.0 7.79
195 89.0 57.8 2.52
196 89.1 64.4 1.36
197 89.8 64.7 5.44
198 81.4 66.6 0.66
199 95.1 67.1 5.26
200 93.8 64.9 8.38
201 93.4 61.4 9.61
202 90.3 62.4 0.57
203 90.9 62.3 4.3
204 100.5 99.5 5.03
205 92.2 68.0 0.46
206 90.7 64.4 5.21
207 98.0 67.6 2.12
208 90.3 62.3 1.17
209 95.7 62.7 2.75
210 95.9 67.8 3.81
211 83.9 63.4 4.34
212 88.0 62.3 0.08
213 90.1 60.2 5.42
214 89.2 64.9 1.06
215 93.6 64.8 1.8
216 96.6 61.7 4.18
217 85.6 66.1 8.31
218 92.4 66.6 1.89
219 81.5 63.4 4.29
220 91.0 59.3 2.86
221 91.1 58.0 1.27
222 93.4 63.7 1.55
223 89.4 57.7 1.27
224 90.1 59.7 0.36
225 88.0 57.7 4.72
226 91.4 62.9 3.73
227 88.9 59.4 0.23
228 85.2 64.9 2.23
229 92.7 60.9 1.94
230 87.4 63.8 1.45
231 87.6 65.5 0.55
232 94.9 64.2 1.23
233 88.3 57.2 1.02
234 87.4 66.3 1.77
235 87.4 51.9 1.26
236 85.4 59.7 3.13
237 90.1 63.1 1.01
238 93.1 58.4 0.1
239 88.5 57.8 0.4
240 89.9 61.2 1.26
241 86.2 56.9 0.38
242 92.0 61.0 1.16
243 88.0 56.9 2.18
244 89.4 62.5 0.08
245 83.8 54.3 0.14
246 93.2 63.1 1.77
247 91.8 59.2 0.12
248 87.1 60.0 0.16
249 93.9 60.7 0.19
250 89.3 55.1 0.26
251 90.0 53.9 0.01
252 92.3 56.7 0.04
253 86.3 54.7 0.47
254 98.2 53.2 0.06
255 92.2 49.3 0.04
256 84.2 56.0 0.76
257 76.4 62.4 1.03
258 86.1 57.3 1.44
259 78.4 50.0 0.23
260 89.0 54.1 2.3
261 96.7 47.6 1.8
262 80.0 51.8 0.77
263 85.4 54.5 0.4
264 81.7 55.1 0.28
265 84.8 53.5 1.05
266 78.3 57.6 1.19
267 91.4 51.2 4.81
268 76.7 52.9 3.75
269 71.6 53.9 2.52
270 63.6 47.6 2.27
271 81.8 50.8 0.77
272 74.5 53.7 0.46
273 82.2 47.7 0.07
274 74.1 54.5 1.96
275 83.0 48.5 0.97
276 84.7 47.3 1.66
277 85.2 46.2 2.72
278 86.4 47.6 0.81
279 74.5 42.2 1.63
280 79.9 41.7 0.68
281 68.0 49.2 0.18
282 70.0 45.7 1.84
283 75.0 47.5 0.79
284 73.9 45.4 0.38
285 68.3 39.3 0.58
286 74.3 41.9 0.33
287 73.8 44.4 0.33
288 77.8 38.5 0.63
289 79.4 39.9 2.52
290 73.0 40.6 0.71
291 64.6 33.9 1.18
292 66.4 45.4 0.53
293 70.7 36.0 0.81
294 76.6 37.5 0.22
295 77.4 34.3 0.67
296 72.4 37.8 0.33
297 65.8 30.7 1.08
298 62.2 37.8 0.47
299 69.8 34.2 0.19
300 72.1 31.9 0.02
301 79.1 34.1 0.02
302 64.8 30.6 0.02
303 58.8 33.0 0.01
304 50.6 25.7 0.01
305 61.0 38.2 0.01
306 69.4 39.7 0.03
307 60.3 31.0 0.16
308 64.5 30.7 0.56
309 68.6 32.1 1.31
310 62.3 38.6 0.25
311 64.8 37.1 0.27
312 52.8 37.9 0.78
313 54.3 31.5 0.14
314 59.2 38.7 0.93
315 53.7 22.9 0.94
316 63.2 37.7 0.75
317 56.6 17.2 0.09
318 48.9 27.7 0.0
319 52.6 23.3 0.01
320 65.3 29.8 0.05
321 62.7 15.3 0.4
322 46.3 36.4 0.24
323 63.2 12.3 0.1
324 51.7 17.1 0.02
325 47.3 13.8 0.31
326 54.5 16.5 0.22
327 40.5 19.9 0.48
328 46.7 25.9 0.0
329 45.3 15.8 0.0
330 33.0 12.5 0.0
331 42.5 14.2 0.0
332 42.9 21.4 0.0
333 33.9 11.5 0.0
334 42.5 16.0 0.14
335 36.6 35.6 0.08
336 46.1 13.5 0.07
337 52.5 13.4 0.13
338 52.0 18.3 0.21
339 53.4 14.5 0.03
340 39.6 15.8 0.07
341 45.1 11.1 0.0
342 45.7 21.9 0.0
343 48.2 24.0 0.03
344 44.8 15.7 0.17
345 57.8 13.6 0.1
346 42.2 15.5 0.01
347 41.6 16.4 0.09
348 43.2 13.6 0.58
349 49.7 16.0 0.67
350 37.0 19.5 0.27
351 35.1 19.5 0.42
352 43.5 10.9 2.18
353 38.4 17.8 0.22
354 37.0 12.0 0.04
355 39.4 17.9 2.04
356 49.0 13.2 0.24
357 32.1 31.1 0.36
358 26.4 -1.2 0.89
359 39.1 1.8 0.96
360 41.8 1.8 0.38
361 33.2 32.2 1.09
362 26.5 10.0 0.54
363 31.2 11.9 0.21
364 27.6 26.6 0.94
365 32.7 1.7 2.24
