001 6.0 -11.0 0.0
002 22.0 -10.0 0.0
003 27.0 -1.0 0.0
004 21.0 1.0 -0.0
005 26.0 2.0 0.0
006 20.0 -3.0 0.0
007 18.0 17.0 0.0
008 21.0 20.0 -0.0
009 25.0 -1.0 1.0
010 27.0 1.0 1.0
011 22.0 12.0 1.0
012 16.0 -4.0 1.0
013 45.0 1.0 -0.0
014 24.0 23.0 0.0
015 38.0 -9.0 0.0
016 38.0 14.0 0.0
017 37.0 14.0 0.0
018 44.0 1.0 -0.0
019 36.0 18.0 -0.0
020 43.0 22.0 0.0
021 43.0 18.0 -0.0
022 20.0 19.0 0.0
023 34.0 11.0 0.0
024 26.0 19.0 0.0
025 46.0 21.0 0.0
026 43.0 12.0 0.0
027 39.0 18.0 -0.0
028 42.0 20.0 -0.0
029 34.0 19.0 -0.0
030 52.0 21.0 -0.0
031 56.0 14.0 0.0
032 49.0 14.0 0.0
033 42.0 10.0 -0.0
034 41.0 24.0 0.0
035 35.0 14.0 0.0
036 44.0 23.0 0.0
037 41.0 14.0 0.0
038 41.0 21.0 -0.0
039 41.0 19.0 0.0
040 44.0 16.0 0.0
041 46.0 24.0 0.0
042 48.0 18.0 -0.0
043 35.0 20.0 0.0
044 46.0 21.0 0.0
045 53.0 19.0 0.0
046 44.0 17.0 0.0
047 43.0 17.0 0.0
048 47.0 17.0 0.0
049 48.0 12.0 0.0
050 53.0 15.0 0.0
051 44.0 20.0 0.0
052 56.0 19.0 0.0
053 44.0 12.0 0.0
054 45.0 14.0 0.0
055 50.0 15.0 0.0
056 45.0 13.0 0.0
057 37.0 18.0 0.0
058 37.0 28.0 0.0
059 48.0 13.0 0.0
060 47.0 46.0 0.0
061 59.0 18.0 0.0
062 51.0 50.0 0.0
063 48.0 16.0 0.0
064 45.0 -8.0 0.0
065 61.0 17.0 0.0
066 34.0 24.0 -0.0
067 35.0 12.0 1.0
068 47.0 15.0 0.0
069 38.0 16.0 0.0
070 45.0 44.0 -0.0
071 50.0 19.0 -0.0
072 34.0 19.0 0.0
073 8.0 11.0 1.0
074 36.0 15.0 -1.0
075 52.0 22.0 1.0
076 44.0 27.0 0.0
077 51.0 27.0 -0.0
078 62.0 23.0 0.0
079 42.0 22.0 -0.0
080 53.0 37.0 0.0
081 57.0 13.0 0.0
082 39.0 19.0 -0.0
083 61.0 16.0 1.0
084 48.0 23.0 1.0
085 62.0 26.0 1.0
086 47.0 23.0 0.0
087 51.0 25.0 0.0
088 54.0 21.0 0.0
089 57.0 25.0 0.0
090 61.0 21.0 -0.0
091 58.0 30.0 -0.0
092 58.0 32.0 0.0
093 64.0 28.0 0.0
094 55.0 26.0 0.0
095 57.0 26.0 0.0
096 56.0 23.0 0.0
097 55.0 27.0 0.0
098 60.0 33.0 0.0
099 59.0 31.0 0.0
100 56.0 33.0 0.0
101 62.0 22.0 0.0
102 65.0 31.0 0.0
103 55.0 27.0 0.0
104 58.0 35.0 0.0
105 56.0 29.0 0.0
106 42.0 26.0 0.0
107 62.0 26.0 0.0
108 52.0 25.0 0.0
109 62.0 31.0 -0.0
110 53.0 28.0 0.0
111 57.0 38.0 0.0
112 66.0 27.0 0.0
113 66.0 33.0 -0.0
114 58.0 35.0 -0.0
115 56.0 35.0 1.0
116 57.0 31.0 1.0
117 60.0 34.0 1.0
118 58.0 27.0 1.0
119 77.0 44.0 8.0
120 72.0 27.0 4.0
121 54.0 27.0 2.0
122 71.0 32.0 -0.0
123 73.0 35.0 4.0
124 62.0 42.0 -1.0
125 67.0 38.0 4.0
126 65.0 37.0 9.0
127 65.0 42.0 3.0
128 61.0 39.0 6.0
129 76.0 41.0 9.0
130 70.0 38.0 2.0
131 76.0 40.0 6.0
132 68.0 43.0 14.0
133 64.0 36.0 3.0
134 70.0 40.0 9.0
135 58.0 46.0 5.0
136 73.0 42.0 3.0
137 64.0 43.0 -3.0
138 78.0 45.0 9.0
139 70.0 45.0 6.0
140 67.0 41.0 4.0
141 75.0 52.0 -2.0
142 61.0 55.0 1.0
143 67.0 53.0 1.0
144 65.0 43.0 -0.0
145 76.0 52.0 -1.0
146 74.0 52.0 2.0
147 78.0 49.0 0.0
148 82.0 45.0 1.0
149 75.0 50.0 1.0
150 79.0 50.0 1.0
151 75.0 45.0 1.0
152 67.0 45.0 1.0
153 71.0 46.0 1.0
154 70.0 43.0 2.0
155 74.0 55.0 -1.0
156 77.0 43.0 1.0
157 76.0 40.0 2.0
158 75.0 45.0 4.0
159 75.0 45.0 1.0
160 73.0 47.0 0.0
161 79.0 40.0 -1.0
162 82.0 46.0 1.0
163 74.0 55.0 1.0
164 82.0 56.0 1.0
165 80.0 53.0 3.0
166 80.0 50.0 -0.0
167 85.0 52.0 -1.0
168 86.0 52.0 2.0
169 87.0 54.0 -0.0
170 87.0 64.0 3.0
171 90.0 60.0 -0.0
172 90.0 58.0 -1.0
173 90.0 61.0 3.0
174 94.0 59.0 -0.0
175 97.0 59.0 2.0
176 94.0 66.0 -2.0
177 89.0 62.0 -0.0
178 87.0 65.0 0.0
179 95.0 63.0 0.0
180 92.0 55.0 -0.0
181 97.0 64.0 -0.0
182 90.0 68.0 0.0
183 92.0 69.0 -0.0
184 92.0 64.0 2.0
185 90.0 61.0 4.0
186 93.0 64.0 -4.0
187 85.0 67.0 6.0
188 86.0 64.0 -1.0
189 87.0 68.0 2.0
190 91.0 60.0 3.0
191 89.0 64.0 10.0
192 89.0 65.0 0.0
193 91.0 67.0 3.0
194 90.0 57.0 8.0
195 92.0 63.0 -2.0
196 88.0 66.0 9.0
197 92.0 61.0 3.0
198 92.0 66.0 3.0
199 92.0 65.0 13.0
200 90.0 64.0 2.0
201 98.0 66.0 6.0
202 94.0 64.0 0.0
203 105.0 104.0 6.0
204 93.0 64.0 6.0
205 95.0 67.0 0.0
206 87.0 66.0 -0.0
207 89.0 64.0 1.0
208 92.0 66.0 4.0
209 87.0 64.0 2.0
210 86.0 66.0 9.0
211 99.0 67.0 -1.0
212 94.0 62.0 4.0
213 90.0 66.0 5.0
214 92.0 68.0 2.0
215 89.0 63.0 -3.0
216 87.0 64.0 -0.0
217 90.0 69.0 -5.0
218 84.0 67.0 7.0
219 96.0 62.0 0.0
220 91.0 59.0 -2.0
221 89.0 56.0 6.0
222 94.0 64.0 6.0
223 90.0 61.0 2.0
224 88.0 63.0 4.0
225 89.0 62.0 3.0
226 91.0 61.0 4.0
227 91.0 59.0 -3.0
228 90.0 63.0 1.0
229 89.0 61.0 2.0
230 89.0 59.0 2.0
231 91.0 60.0 1.0
232 87.0 63.0 1.0
233 88.0 63.0 2.0
234 86.0 62.0 3.0
235 86.0 59.0 -4.0
236 83.0 57.0 0.0
237 85.0 58.0 3.0
238 83.0 60.0 3.0
239 86.0 58.0 1.0
240 94.0 62.0 0.0
241 87.0 63.0 2.0
242 88.0 59.0 0.0
243 87.0 57.0 1.0
244 85.0 58.0 2.0
245 85.0 61.0 -0.0
246 95.0 57.0 1.0
247 91.0 57.0 0.0
248 84.0 52.0 -0.0
249 90.0 58.0 0.0
250 93.0 53.0 -0.0
251 92.0 56.0 -0.0
252 88.0 57.0 0.0
253 89.0 60.0 -0.0
254 89.0 51.0 0.0
255 93.0 59.0 0.0
256 90.0 47.0 0.0
257 91.0 56.0 -0.0
258 93.0 55.0 1.0
259 93.0 49.0 1.0
260 88.0 54.0 3.0
261 86.0 56.0 3.0
262 84.0 45.0 4.0
263 85.0 49.0 2.0
264 95.0 51.0 2.0
265 76.0 50.0 -1.0
266 78.0 57.0 2.0
267 70.0 54.0 4.0
268 70.0 49.0 -0.0
269 71.0 56.0 1.0
270 82.0 50.0 1.0
271 82.0 47.0 0.0
272 84.0 57.0 -2.0
273 85.0 59.0 -1.0
274 80.0 48.0 0.0
275 82.0 49.0 0.0
276 81.0 53.0 -0.0
277 83.0 43.0 4.0
278 80.0 52.0 0.0
279 73.0 50.0 1.0
280 82.0 46.0 -0.0
281 87.0 47.0 1.0
282 84.0 45.0 -1.0
283 66.0 39.0 2.0
284 75.0 43.0 2.0
285 78.0 47.0 2.0
286 78.0 40.0 1.0
287 67.0 40.0 -0.0
288 82.0 39.0 1.0
289 74.0 43.0 1.0
290 72.0 43.0 1.0
291 72.0 37.0 1.0
292 64.0 45.0 -0.0
293 76.0 37.0 2.0
294 64.0 35.0 2.0
295 60.0 38.0 3.0
296 75.0 37.0 -0.0
297 59.0 37.0 1.0
298 72.0 33.0 2.0
299 64.0 37.0 2.0
300 69.0 33.0 0.0
301 62.0 32.0 0.0
302 63.0 38.0 -0.0
303 65.0 32.0 -0.0
304 68.0 27.0 0.0
305 72.0 29.0 0.0
306 61.0 42.0 0.0
307 60.0 30.0 0.0
308 65.0 24.0 -0.0
309 63.0 37.0 0.0
310 61.0 31.0 0.0
311 68.0 32.0 0.0
312 71.0 35.0 0.0
313 50.0 34.0 -0.0
314 65.0 30.0 1.0
315 66.0 28.0 -1.0
316 49.0 30.0 -0.0
317 49.0 33.0 0.0
318 55.0 28.0 1.0
319 49.0 34.0 0.0
320 46.0 27.0 0.0
321 50.0 25.0 1.0
322 54.0 31.0 0.0
323 46.0 18.0 1.0
324 46.0 36.0 0.0
325 36.0 23.0 -0.0
326 52.0 20.0 1.0
327 44.0 27.0 -0.0
328 51.0 16.0 0.0
329 52.0 51.0 0.0
330 42.0 19.0 0.0
331 38.0 15.0 0.0
332 44.0 15.0 0.0
333 42.0 41.0 0.0
334 45.0 10.0 0.0
335 45.0 11.0 0.0
336 50.0 16.0 0.0
337 39.0 18.0 0.0
338 43.0 15.0 -0.0
339 53.0 11.0 0.0
340 43.0 15.0 -0.0
341 35.0 16.0 0.0
342 50.0 17.0 0.0
343 42.0 18.0 0.0
344 38.0 11.0 0.0
345 45.0 21.0 0.0
346 50.0 16.0 0.0
347 47.0 17.0 -1.0
348 50.0 19.0 -0.0
349 38.0 16.0 -1.0
350 41.0 17.0 1.0
351 35.0 12.0 1.0
352 38.0 14.0 -1.0
353 37.0 17.0 -0.0
354 45.0 13.0 -0.0
355 31.0 10.0 -0.0
356 39.0 38.0 1.0
357 36.0 15.0 1.0
358 27.0 26.0 -2.0
359 32.0 14.0 2.0
360 14.0 14.0 1.0
361 42.0 13.0 1.0
362 26.0 25.0 2.0
363 24.0 -9.0 1.0
364 31.0 30.0 1.0
365 28.0 27.0 -1.0
