001 5.7 -10.7 0.0
002 16.342705151995602 -10.42405905398812 0.08239386779118196
003 24.467605500057633 -6.0757495717653365 0.14398324792989553
004 26.057896823249486 -5.767085668465286 0.07852400438859572
005 34.65238994033881 33.7 0.10728810403457693
006 27.839155203806605 -3.6249464070065662 0.07452279827052957
007 46.513114270391156 -2.8697479872367815 0.06486580547353417
008 13.699200380792462 12.7 0.07364000714403379
009 28.506233141728075 -0.915478098911569 0.20734571809195562
010 22.369131041003758 0.7734172188365593 0.05995445123583115
011 13.859073119244982 -5.683365068735602 0.34384413893625887
012 42.81235289680369 41.8 0.06014918362348701
013 33.908176774494706 32.9 0.14186379416053585
014 24.021003188364638 17.35565509514652 0.009034203463509582
015 27.192755069538805 11.763704092219523 0.3556848005917803
016 37.88487600671288 18.907892110961388 -0.3047429174941474
017 33.00934425292687 15.174118813442476 0.22230407902895757
018 49.69069010819196 48.7 0.05827973958130854
019 27.764641779177126 26.8 0.2314491306910333
020 30.15208720677392 29.2 0.04287719678221355
021 37.872798320215615 36.9 0.05058980133682457
022 29.057020899424444 15.613453211880186 0.46244938985976225
023 35.40466809659803 34.4 0.11370905826926794
024 48.899792866562386 11.662274465888217 -0.44184451830005134
025 58.11861611295359 22.999379433780547 0.11696719607986134
026 42.7585542294239 19.13230459171094 0.755931560206333
027 44.55189922966832 13.0660748806857 0.3281679015604253
028 55.95493845496007 17.14996022739889 -0.04135411210564019
029 37.693001874449436 25.61854029825423 -0.06512252866309126
030 45.9487153779764 14.21098623983324 0.0889598743442357
031 36.37808931168487 15.982224669437228 0.09685483017562957
032 45.9300278953411 20.421734877870726 -0.13218426441308315
033 48.06259765230223 14.310795322547847 0.06644505583259117
034 46.36375211146323 45.4 -0.2441421856972237
035 46.67270978181312 18.938459705826723 -0.023252613003229006
036 34.458831323621695 16.690438081638106 0.270795865121769
037 42.704410402134435 19.268375857203523 -0.2813126509986128
038 43.51284667337639 18.44104013810303 0.026637924630103615
039 39.27292855239652 16.28950987206979 0.15564994091008094
040 41.55489479863598 11.837906802473256 -0.007853755945708127
041 52.79758780228317 15.534239809751321 0.045875719787456554
042 43.247542923333036 17.615176439081505 -0.003740939500813986
043 44.44662539522535 16.129008179228798 0.2187263849892282
044 50.86978104370282 17.585265619901183 0.022907331047086768
045 48.67320709670606 13.66389493474837 0.23275691578572227
046 45.585647614715285 20.132913270089727 0.0
047 42.47622626843726 14.701787210152641 0.0
048 43.16763112834266 14.9407802801825 0.0
049 53.160897220717764 52.2 0.0
050 47.15016498774891 15.841094344481242 0.0
051 56.34282189464411 12.502852385677865 0.0
052 52.67602515532551 51.7 0.0
053 48.70464478501123 16.88090720653272 0.0
054 42.91339805047705 16.92551930225598 0.0
055 40.2513413009801 25.773081802578428 0.0
056 53.73114857522669 52.7 0.0
057 47.910279999337064 18.184818979373095 0.0
058 51.28673929005204 18.954536504518703 0.0
059 29.78710185101427 14.186708262194813 0.0
060 34.90979048260387 19.864252339102507 0.0
061 41.39160510025079 11.297435613721783 0.0
062 53.042784291464734 19.21497902507294 0.0
063 54.152287621676955 18.25418329265827 0.0
064 43.11515275966316 19.86312436950016 0.0
065 44.71321344526382 15.57119819071946 0.0
066 61.11804759684503 1.951134065590228 -0.132891897009752
067 47.852760623628114 11.814014250433974 0.3327232619233614
068 41.23056381367653 40.2 0.8272201855222454
069 19.20441888986255 1.5265018148393796 0.5821237908563526
070 48.9401708629756 10.455619784439929 0.8754461218038548
071 41.162185605587815 10.501400559238864 0.186411729724766
072 54.73077698385241 14.045893240370898 0.717078176620902
073 49.69273982535816 10.596001309390081 0.026476132502400967
074 30.66504867031113 29.7 0.710345591560346
075 48.88009410811601 18.958828494980686 0.8290691434431555
076 38.61060118201132 22.312725046422496 0.9509377639490496
077 47.22859202561589 17.590142172656865 0.035285994633144135
078 54.92574105814247 17.114895435969057 0.3289412345524183
079 43.9886445884363 26.29492074768949 0.4414461008275504
080 43.20375429012023 15.962633645306607 0.12319145630477954
081 49.85809975324252 17.954100377127382 -0.16330216962695676
082 47.84725704441239 25.994640689848715 0.2976763924495134
083 41.428108447024535 22.621973093932407 0.15002801637191124
084 45.181487882896334 18.618453824274116 -0.0019022572581673947
085 44.71414312349991 22.47084985041101 0.9583927601222391
086 61.335839846704545 21.280918026135588 -0.14016418321951707
087 59.354902469908424 24.858080552732293 -0.0214239903750488
088 55.49854786737806 29.10123440818733 0.2447831287980216
089 60.295483817977434 27.022628581228258 0.0025356950392694116
090 55.45268961790797 25.852056877161388 0.1318732929382546
091 49.45002864774643 30.275036106494255 0.06234193462521881
092 63.15140587176043 26.702595896969193 0.5367585690958125
093 51.41535055107597 25.085504222728865 0.07674401078369035
094 66.15653421385963 28.471840251650555 0.014664430072496043
095 57.30028687294813 30.587673080026576 0.34576285560819553
096 56.65226121993282 24.69567609106818 -0.008112040228314105
097 61.97646666339605 29.04107399912624 -0.13553229767162178
098 53.53730931955744 30.170652761718312 0.4407690912519554
099 57.373942855579664 30.047334731576157 0.29930099354929846
100 54.6329928543106 32.096137877512945 -0.03287262411829248
101 54.95335257436924 27.865245873646263 0.06336762005732965
102 59.91293240257564 27.718500576413224 -0.06483688645469804
103 55.130887184655904 33.4651099591455 0.04710825127563139
104 57.4098128300078 26.710330853637412 0.1197685986025469
105 57.32359837220618 33.15750299122338 0.05839082934994917
106 61.93065023078469 27.413792152636326 0.06021778072152698
107 55.81113776595515 29.143152127331774 -0.09189787474250793
108 53.90161550711449 27.269997526852464 0.01472527924038116
109 58.52692842531373 27.215248935559053 -0.015236211460646423
110 64.6524617232866 32.16446850249066 0.0
111 55.84782402679531 30.758673644651704 0.0
112 55.905011213680815 33.54909117708079 0.0
113 67.8562749967107 28.765616075859324 0.7846242351483403
114 59.65054192146571 36.03069376140459 0.7540150308150451
115 61.15566355792773 34.25188233019347 -0.18718772433240027
116 70.47675830358357 32.029206426976785 0.29071458931827143
117 65.83655649788312 38.55581119500966 1.88704730459426
118 65.33884810186673 27.413032530457368 0.2667070169514005
119 59.10600795410128 33.24623433436929 -5.268269859821751
120 64.49109163027326 32.353094680354424 0.6497693133720985
121 72.96348238477836 33.54655937998077 2.410477512343478
122 63.0427602280757 39.577736815735 6.344435935659623
123 59.43339529026785 27.052446462410956 7.0471027489746145
124 59.54708816186974 36.44645174944247 8.043304511043736
125 67.76152204127018 32.12826543837864 7.355382567591155
126 78.00206808777708 37.1215706014216 -2.5866817784426575
127 75.15604643901673 39.702519164150125 12.08822150278922
128 63.30282908947205 38.73766858216991 4.574853198192304
129 71.346589720692 42.67389404064741 12.580886046105649
130 74.55659511325817 42.160209064368516 5.96353567813021
131 73.38856256637301 41.651702261239514 9.848542888418812
132 68.68592357853642 41.19947638152188 6.5073654268838075
133 76.30446089413611 44.509974581165835 4.252865468099182
134 64.9907856224948 46.04351406490517 14.014419075839632
135 78.0728338885967 40.894134550488 0.7919940633871536
136 69.78500788480542 50.79083640656807 2.2910407511856064
137 81.31348889616616 45.568674199619124 1.8695846332504584
138 72.94603573682116 43.37027046831709 4.786342022261896
139 77.42992887957445 51.1342873394201 1.60426095889417
140 58.78953624778679 49.86070261333953 6.2386782102804705
141 61.117630773799306 46.47144696343066 2.4376326772313273
142 68.07285181930772 50.69778553556253 3.6734176485813954
143 72.54912688934004 50.32890853530431 1.3610132654848166
144 67.93842769649716 40.35498840067036 0.31888406876515196
145 76.43347594283827 48.10208337435519 1.3021092823748568
146 82.05409115743346 49.350295245879124 -0.7617021251441243
147 68.26845764777494 40.46737643230744 0.3131326770419145
148 73.23751838106455 40.692329360786616 2.112103103753238
149 85.70997150295183 56.24450489563065 1.2661290139439476
150 87.99900066215709 50.85009317917878 0.45657129550164854
151 75.2789424593191 41.3479096476441 3.112322848815571
152 74.53627943690813 49.766459371649404 1.4677186415289638
153 68.60438202344776 46.81967091424331 1.151010689512068
154 65.32628526351864 43.2498776623756 1.859022601903011
155 76.40099628020101 45.75166834615379 2.232922833198001
156 74.1904319225632 43.69726673160558 0.3426095984228802
157 83.19978543725276 50.85541237133039 -0.047644674920837016
158 67.53887638518329 42.27408214441744 2.450032731396059
159 78.47210123460196 50.53245800179773 2.0150631893782043
160 71.12294638610089 47.26616363448175 0.6817554597484329
161 72.57423849651889 52.45858609939915 2.584129803827622
162 86.32537827166807 52.63544096554975 3.6622145855790773
163 81.20471996486398 52.00843938238713 1.3274175688970202
164 84.21505306984746 54.43974954279384 4.141353590284575
165 81.48720100588099 56.44366600812099 3.3170228909693935
166 82.4522104316609 56.6344240623045 2.0779104883646555
167 78.20748440950057 55.108237521947686 3.523239157887162
168 81.69441497864892 59.031156123608625 0.12333980952215151
169 78.1214154878873 60.31932282440871 2.0839767097871014
170 80.60248415428889 58.93774923099192 0.8515679169773197
171 84.65813556701154 63.75910340823576 -1.6758864597937142
172 90.3560763592755 64.27058348166953 -2.1728748577075523
173 83.28940651832163 56.61457547450935 1.1805939034980986
174 93.93164708350463 58.52558762189948 2.761795308147658
175 93.86838777672115 59.17553440509531 0.7323850779479215
176 83.23449885068952 58.86200517697127 1.7965873127496792
177 91.19269652201588 68.56050233980383 1.4287212275092438
178 87.66809233431437 55.93491125819857 0.02762208270753257
179 95.30998173140523 57.15549780133667 -0.0033267837520627314
180 90.86906931483982 65.71894950515875 0.034371871163220304
181 92.00024390986019 62.547815639633924 0.025003219830402934
182 85.30904171172399 66.49148033159219 0.027806795068443857
183 94.49621969158659 57.09362734479803 -2.0747620998379483
184 87.45868615094011 65.027183073057 2.0746882207491
185 86.8397812136709 60.53381465586871 2.4354193802463255
186 101.36615213616308 100.4 -0.19246690207647932
187 87.64121285536118 59.66493507537087 1.2031334452408546
188 89.82464480800122 55.98385975554666 1.4929567689720895
189 92.2505567088456 63.66075854403679 8.569397579819572
190 87.84478555825757 60.874930865638035 5.217754577235858
191 93.5328390299415 61.16269356147525 0.4865951178574086
192 84.86876710751584 62.41754185494279 8.07442157285077
193 91.25285643803757 62.596255389534534 6.915524837509206
194 91.10715200235303 62.175401658386825 0.8960008408209128
195 88.13223745502563 64.40981178374058 7.846315072189929
196 85.4004116459306 66.38258612041624 6.401152854590375
197 98.54476745356723 66.57981288940857 7.15763904091133
198 94.40226399310559 66.30234679822786 4.619142175886095
199 96.59516963456119 63.7430411264704 12.336658404885796
200 85.30216014943309 63.52515514298681 0.2770232257286782
201 107.4883873686426 106.5 2.764918456291117
202 94.05294481072734 63.92005214552296 -1.366523119942027
203 101.2235418595481 100.2 7.655343522477296
204 98.23545795706235 63.94185235065873 0.9139216753574355
205 94.25409925905149 64.67553052562847 -2.1715857086754182
206 96.9134348247565 64.73384376245319 0.8765253738762994
207 99.82591028745416 63.445426439122656 2.3612681240030007
208 92.2204285888709 61.9864897071671 7.329034726473166
209 93.59132578714288 66.01787259221231 1.234158770128879
210 86.52636959675804 61.18162879044047 5.1625438824638845
211 89.21525341749003 63.25866351601031 7.066861084747302
212 84.5908038934947 64.58243254429252 2.3524584326639633
213 87.14090423052168 63.289128217108924 3.224069269572548
214 98.9676047862914 65.53752829854695 4.7564916783148625
215 92.333608462953 62.7169569459918 -2.8587734754631655
216 91.31795231233235 66.00782739161234 7.352781778987259
217 96.45523044638126 61.25984618979817 5.165072922282252
218 101.08112074379879 100.1 5.7097261534698
219 88.3749797042581 63.96196563486486 3.1561156164399766
220 86.47124793753333 64.31679195875955 1.0134084650503936
221 85.15719752002181 63.813021932509415 -2.01654324552287
222 82.31045912673567 63.829274010497464 0.09568241486456297
223 92.21703826396376 63.19869606535196 0.17097485513709598
224 90.4874103889669 59.7897911600216 1.3427024327767527
225 85.91198591301028 64.3558348489492 0.2219985455025031
226 87.04622582060406 62.466827144089315 -0.5479723165318202
227 91.74369467802322 66.13745711658424 1.2620211464603408
228 97.8336100720332 60.11075273001604 0.37983344355753756
229 94.83865599128576 62.39654112282004 -1.3854652476302498
230 96.24132408418707 63.32537142073387 0.358737125462277
231 87.85787747552544 60.72999586320241 4.085283679934658
232 85.84475136052738 64.5192720637807 -1.7853359379809672
233 93.0701083493839 60.50187056190376 3.2051765783981283
234 83.84751609382408 64.02740767612354 0.04398784802111799
235 84.50548230122486 54.410728044276695 -0.45237797520132317
236 90.91504377969315 66.2265007694059 2.657200460548395
237 92.54760806225583 63.30996648448156 0.16730126970373543
238 90.21507874624129 63.1064357127929 -0.2860261217306216
239 93.86081105947639 58.53885762349679 -0.24235756335390157
240 85.18952732149226 61.615565088257306 0.6107918455383665
241 95.48750100633147 60.79583136418129 0.4520768759246757
242 85.59646341383551 58.088595460938855 -0.2867469470913798
243 83.64931490939337 61.51288273250557 1.6541400871416223
244 86.45882657770571 56.481250195577815 2.044173517304059
245 89.36403526038806 59.96907136506901 0.5350561869542256
246 87.66654425923676 56.92195235631601 1.9775082571147204
247 88.7647197610067 61.00251769642934 0.18497471054656045
248 92.53503446769187 57.48819338978389 0.15872707870642855
249 92.0253580519056 56.393952902990115 0.06391619747957727
250 92.5671601636257 61.13647175310274 0.04108226409852579
251 91.69761700980943 58.623577815295256 -0.032636273608944
252 90.40817777540529 53.38935028112109 -0.13198186810795132
253 89.90059716400107 58.663070809697984 -0.2121531651603109
254 86.29810620545359 52.03106353398955 0.1176055757065817
255 86.62279008422651 57.58346371034544 0.7338122751051435
256 83.43881256367737 62.04024166580311 0.3004204592068069
257 83.22060174810969 44.41768048967529 0.9340632562540625
258 98.11782240882329 58.098289804753605 0.07149468697107397
259 92.13693391912578 51.44817147967257 -1.5248814967916475
260 87.49240121319961 46.58400039835505 1.982377735174305
261 82.07918228250733 59.43567528234815 4.392599566547112
262 93.46660041387393 47.06410256270588 0.3659187014848444
263 83.7227986482814 51.75523124353602 -1.850144224409983
264 79.90325358496719 57.16957310847637 3.23523536634102
265 86.80565533182295 53.88123167594671 3.142430821473382
266 81.82837655322464 53.91234890275942 1.738006137128365
267 84.76144727068306 47.15644450460846 2.129209339226195
268 96.57535378329744 52.45403769142291 1.1949491931557508
269 80.1797799021569 60.556257229922196 2.453477990900367
270 79.18609271502541 47.467034800378094 -6.455700432088693
271 78.40598885043326 46.04264880795092 0.6986353336184927
272 88.32912894108745 45.87271497138174 0.1549877893378302
273 88.28319628908446 45.91198241162932 3.6714592537319093
274 83.98361118935982 49.85084235548907 2.8718214499022827
275 79.24566053792464 45.369955361931325 -1.9500468444307262
276 87.71882026367187 49.16053818657774 1.8359087827707916
277 77.89422021846865 48.55330288872739 3.437885447483013
278 75.38081568936546 45.88339349873096 1.415288270291368
279 74.08396763775298 49.40943130834365 0.09428749202245662
280 76.30397478256799 44.020276868254285 1.609751142103332
281 72.63032794502664 52.81662810105299 -1.6838429781407611
282 76.95019518190752 45.89804450394596 1.4308438719048668
283 66.14420053454909 45.084800037936056 1.4105808162326374
284 68.54308228313893 46.047302293126535 -0.17304816182675087
285 85.56243109580574 42.69117828434556 -0.42072070942917295
286 80.72272056291261 41.2562138651759 3.6853449384068524
287 69.0290299799582 44.63619089910744 1.143898895331463
288 68.5457083468693 40.986735300320554 -0.6898438688958513
289 79.83995632031463 36.72070330784432 1.9240487519495917
290 70.1805124690405 38.170762450917884 -1.6899654655405476
291 75.24528161698011 39.75313581953707 1.3160631308712125
292 71.81396803057444 29.861306118435124 1.396716321955083
293 71.54766999002318 30.589703271713176 0.7756898858315455
294 70.67585093404408 39.829409315631786 -0.1444160401589315
295 70.367560109792 39.45391254974606 0.6313699400210726
296 63.90468199690732 36.94859306271654 0.15742075872667266
297 69.53752003470453 31.075914491996706 0.04648082272129539
298 64.48494169876535 32.56863629754625 0.1937953751221634
299 66.94654360935763 34.38711086261728 0.6419941194966585
300 67.96991641464538 28.564732967911606 0.04916350994429403
301 60.56502082969146 40.86847349903631 -0.012525726086232293
302 66.7379096787909 34.16087687504898 0.00827073556037171
303 63.57074849054662 25.659827752904082 -0.06318810807132032
304 57.72880774157996 33.952009573048876 0.02877965527486974
305 65.06477654658049 30.06138219069346 0.10869262831015865
306 63.325581493699644 32.54503751793798 0.03184830769805578
307 66.1639132763793 24.906720584884994 0.0643197761503335
308 66.32498237095076 34.742339639014894 -0.5538199044531079
309 65.4634703011479 34.890938260421535 -0.2867414156148217
310 60.920579930193 37.37708564722162 1.580982578339813
311 71.04930599279366 39.97923931485303 -0.3403027410451843
312 57.45094651298323 31.47798592836127 0.051292737345093986
313 63.07415098383955 37.857957096746766 -0.08273818584357162
314 72.70659370033624 28.53852347646043 -0.018063198439192407
315 57.556918843693325 33.1817348341317 0.48199778383911634
316 64.82817869673661 24.744195597290453 0.5162316347835689
317 53.6496505251188 34.251532961597256 0.22720970023319173
318 38.23095525741468 21.03294139400304 0.617733312445146
319 49.745810672481305 29.88472076942693 0.21926702586695357
320 64.26855129708954 24.820830687870256 0.3198158508015834
321 54.446177661528175 30.619297021812628 -0.3709007697382796
322 50.00731803152548 49.0 0.0397228687002166
323 37.255952042231144 3.8677374243549387 0.4066980570152742
324 48.34681004882143 23.053727096731375 0.2661550947792277
325 47.99832664613463 15.174721413225509 0.12603386635800085
326 46.12779688569227 23.608035872544516 0.108046725064505
327 48.70853260210546 25.593502333503114 0.2672646086496153
328 46.29304977818835 27.976650307435737 0.0
329 45.60497693507565 21.65289480800564 0.0
330 45.55033994344997 15.052834651628055 0.0
331 39.85464932236695 13.279035711681852 0.0
332 33.575316807458385 23.09600418102562 0.0
333 43.79609179400982 23.661042839696236 0.0
334 53.55839636234367 52.6 -0.02970689733057797
335 39.92030936727523 10.829426285324033 -0.03745665813510848
336 41.120421951926595 17.056611657012695 0.09943815911559663
337 43.73987596409363 15.997591349578652 0.06798748823602038
338 29.98049886662996 17.34112266721948 0.165128810285001
339 43.700924202726696 13.94041846376197 -0.06668692821109684
340 51.32999603727285 12.509135412963536 -0.024347187983627082
341 54.38811554882656 19.10567520307052 -0.012744012354366716
342 36.7440032799103 13.576766298900864 0.015254812955511288
343 51.364005351587465 15.26346436052467 0.15861287789168427
344 48.42913309437934 15.292647635465224 -0.02968042242173974
345 48.052141176126504 19.128831994447108 0.12580547293471564
346 43.44602434964561 19.332599140318727 0.10249429391514492
347 46.79448663178816 20.486939563097625 0.002521604649156295
348 43.075036619289364 20.42204861146268 1.4439783462509657
349 45.09434585465158 24.225166909219546 1.0292499648459024
350 41.33473776322327 23.802317264530476 0.707057647228285
351 40.16628414060543 19.04134332279858 1.218988984823797
352 46.874089158494755 12.34761792343701 -0.8853828948773962
353 28.33416835930781 27.3 1.0607446655669852
354 34.37904143863703 15.407383890742093 2.015763017286364
355 32.82611507612824 18.056164855590666 -0.4440860168729867
356 34.63292834451681 13.464144462851284 0.6597875528965399
357 28.605944338161247 13.385591191320888 2.3646140004615956
358 18.22975540240397 17.2 0.1550213962086593
359 42.31528843423137 41.3 0.7449375103170881
360 26.498467929220425 2.252344252285835 2.6182890729296986
361 25.68288813489511 -0.4459295093418909 1.7403031823072739
362 26.54309356803384 10.717225947667117 1.3614201633763539
363 32.6086528363425 20.601433598192582 1.3049025195820976
364 34.16797903470964 16.329162637729755 1.3395938173087545
365 21.251351151759934 20.3 -1.0909114418762766
