2012001   8.2   5.6 -11.7   0.0   1.8 57.7
2012002   9.1   3.4 -12.8   0.0   2.0 61.7
2012003   6.0  16.3  -1.3   0.0   1.6 54.7
2012004   8.6  12.0  -4.0   0.0   1.6 54.9
2012005   9.1  19.5   0.8   0.0   1.5 42.9
2012006   7.9  14.3  -8.8   0.0   2.4 50.6
2012007   2.5  -1.1  -5.5   0.0   1.4 77.3
2012008   7.0   2.5  -6.0   1.0   1.5 72.7
2012009   9.0   9.4  -8.8   0.0   1.1 63.8
2012010   9.3  13.9  -1.9   0.0   1.6 61.4
2012011   4.2   5.3 -11.2   0.0   4.7 59.0
2012012   9.4  -2.0 -13.8   0.0   1.9 45.7
2012013   8.7   6.5  -6.7   0.0   1.7 54.7
2012014   9.5   8.4  -9.3   0.0   2.5 47.5
2012015   9.6  16.0  -7.9   0.0   1.7 47.2
2012016   8.8   0.9 -16.1   0.0   4.7 67.8
2012017  10.4   0.8 -17.7   0.3   2.1 64.3
2012018   7.9  13.7 -10.5   0.0   3.0 51.1
2012019   9.8  -7.3 -18.3   0.0   3.5 55.8
2012020   8.6  -5.3  -8.0   0.0   3.2 57.0
2012021   8.5   6.7 -11.9   0.0   4.1 59.6
2012022   3.2   1.7 -11.7   0.0   2.6 74.1
2012023  10.6  14.2  -6.8   0.0   1.4 49.6
2012024   5.2   6.1  -6.6   0.0   1.4 65.3
2012025  10.7  11.8 -15.3   0.0   1.7 61.6
2012026  11.2  13.7  -3.1   0.0   2.3 55.9
2012027   8.5   5.0  -6.6   0.0   3.1 65.6
2012028  10.9   6.9  -9.9   0.8   1.7 53.1
2012029   6.6  20.7  -7.9   0.0   2.0 44.3
2012030  10.8  17.3  -2.9   0.0   1.6 39.0
2020031  11.5  13.7  -4.7   0.0   2.6 53.7
2020032   9.3  20.2  -5.1   0.0   2.8 50.2
2020033  10.5  20.8   1.2   0.0   3.0 47.3
2020034   3.7   0.1   1.2   0.3   6.6 62.1
2020035   6.8  -0.9   1.2   0.0   3.5 63.7
2020036  10.0  -5.8  -8.1   0.0   2.2 64.1
2020037   8.7   5.6  -9.8   0.0   2.2 63.2
2020038   6.2   1.8 -12.3   0.0   1.4 77.5
2020039  12.4   9.0  -3.8   0.0   2.9 64.3
2020040   8.5   1.4   0.3   0.0   4.4 66.4
2020041  13.4   4.7  -1.9   0.0   3.1 56.4
2020042  13.9   2.6  -9.0   0.3   3.6 58.3
2020043   8.8   0.4 -13.3   0.3   5.2 67.8
2020044  11.8  -7.1 -12.5   0.0   2.7 67.7
2020045  14.0   1.6 -12.6   0.0   3.7 65.5
2020046  14.4  12.2  -2.0   0.0   1.9 54.9
2020047  10.0  12.5  -3.4   0.0   2.9 49.8
2020048   6.3   2.7  -0.7   0.0   3.4 65.5
2020049  10.8   2.5  -9.2   0.0   1.9 63.6
2020050   7.9  -5.1 -16.5   0.0   3.0 87.1
2020051  15.7   1.3 -21.4   0.0   2.4 66.5
2020052  16.0  13.2  -9.7   0.0   2.9 52.1
2020053  15.6  10.0 -12.2   0.0   2.4 52.4
2020054   6.3  10.9  -7.1   0.0   2.0 55.9
2020055   9.0  10.5  -0.8   0.0   2.7 67.6
2020056   7.3  -2.7 -13.1   0.0   5.3 80.5
2020057  16.6   0.5 -11.4   0.0   2.4 72.3
2020058   9.7   4.4  -2.4   0.0   2.4 71.8
2007059   5.3   2.4  -2.4   0.0   2.8 90.7
2007060  15.3   6.1  -3.6   0.0   1.9 66.6
2007061  11.6   2.7  -4.6   0.0   3.1 68.1
2007062  17.5  -1.2  -2.9   0.0   3.3 60.2
2007063  17.2  13.9  -5.2   0.0   2.3 54.3
2007064  17.0  14.0  -6.4   0.0   2.3 70.8
2007065  11.9  17.6  -4.6   0.0   1.9 66.9
2007066  17.6  12.3  -7.0   0.0   2.6 71.2
2007067  15.0  14.8  -4.1   0.0   2.0 66.8
2007068  17.1  15.0  -1.1   0.0   2.2 59.5
2007069  11.7  15.6  -2.0   0.0   1.8 70.0
2007070  17.2  16.7  -2.0   0.0   2.4 69.2
2007071  17.8  23.9  -0.4   0.0   3.0 55.7
2007072  18.4  23.4   5.4   0.0   1.6 50.5
2007073  16.5  10.7   1.5   0.0   4.2 66.5
2007074  16.1  10.0  -2.6   0.0   2.8 56.3
2007075  17.6  18.1  -3.5   0.0   2.2 57.1
2007076  18.1  21.4  -1.5   0.0   2.1 56.0
2007077  17.7  21.4   2.4   0.0   3.8 55.8
2007078  18.4  10.4   8.4   0.0   3.9 59.2
2007079   7.3  11.4   5.5   0.0   4.5 77.9
2007080  15.1  19.3   6.3   0.0   3.2 66.5
2007081  15.7  16.0  -0.3   0.0   2.3 69.0
2007082  19.0  22.0   1.2   0.0   1.7 72.8
2007083   8.1  19.2   6.4   0.0   3.0 81.0
2007084  20.3  20.9   8.4   0.0   2.8 60.9
2007085  18.0  24.6   4.5   0.0   3.2 65.8
2007086   7.8  14.0   7.5   0.0   2.6 89.9
2007087  12.1  22.5   5.9   0.0   6.7 85.5
2007088   9.2  18.9   7.5  14.0   3.6 79.6
2007089  14.6  11.6  -0.3   0.0   3.4 77.2
2007090  14.9  14.5   1.7   4.5   4.6 64.0
2007091  21.8  17.9  -0.8   0.0   2.0 54.5
2007092  19.1  22.3   7.4   3.5   3.5 72.6
2007093  18.5   9.9  -1.4   0.0   4.0 74.2
2007094  12.4   5.4  -1.2   0.0   2.3 70.0
2007095   9.3  -5.3  -1.2   0.0   2.5 86.2
2007096  19.6  -6.0  -8.0   0.0   3.3 78.5
2007097  22.4  -1.0  -6.6   0.0   1.6 67.2
2007098  12.9   1.5  -6.8   0.0   3.0 70.4
2007099  13.0   5.4  -5.1   0.0   4.0 82.5
2007100   8.6  10.5   7.1   0.0   2.6 78.5
2007101  14.1   3.8  -5.9   0.0   5.4 76.5
2007102  14.8   4.0  -2.6   0.0   2.2 76.8
2007103   5.4   2.7  -3.3   0.0   1.5 88.8
2007104  24.8  20.6  -0.7   0.0   1.6 62.3
2007105  23.8  21.3   7.1   0.0   4.4 50.0
2007106  23.6  22.0   4.8   0.0   4.2 64.0
2007107  15.2  17.0   8.3   0.0   3.6 70.8
2007108  23.8  22.8  -3.6   0.0   3.5 67.3
2007109  14.7  19.5   7.7   0.0   5.0 48.9
2007110  14.2  19.8   6.9   0.0   3.9 78.4
2007111  16.9  25.6  11.5   2.5   5.6 69.9
2007112  12.0  17.0   1.3  21.6   3.5 74.2
2007113  12.2  18.6   8.1   4.1   3.1 74.2
2007114   4.3  11.6   1.5  41.7   7.3 93.3
2007115   6.1   7.5   1.5  23.7   6.5 86.7
2007116  26.1  17.9  -1.4   0.0   1.2 65.8
2007117  23.3  22.8   7.8   0.0   3.8 55.9
2007118  26.7  27.6   2.2   0.0   1.5 58.8
2007119  26.5  23.5   7.6   0.0   3.1 59.7
2004120   5.9  10.7   1.8   0.0   5.5 78.7
2004121   5.7   5.5  -2.7   0.0   2.0 64.7
2004122  19.5  15.1   1.0   0.0   1.7 58.8
2004123  26.9  11.3   0.7   0.0   2.2 59.2
2004124  26.9  27.1  -1.6   0.0   3.1 44.7
2004125  25.3  25.9  13.0   0.0   2.9 56.4
2004126  24.6  29.1  12.8   0.0   3.9 46.2
2004127  25.5  24.4  10.4   0.0   3.8 58.0
2004128  25.2  24.5   7.8   0.0   2.5 58.5
2004129  24.3  33.3  14.6   0.0   1.9 57.4
2004130  25.1  29.8  15.1   0.0   4.3 57.0
2004131  21.1  22.8  13.8   0.0   4.7 72.5
2004132  24.2  32.5  17.4   0.0   8.8 60.8
2004133  25.6  13.7   4.1   4.0   4.3 68.0
2004134  16.3   6.3   0.4   0.0   4.2 67.2
2004135  26.2  17.0   2.8   1.0   2.7 66.7
2004136  24.2  19.5   5.8   2.0   3.8 62.6
2004137  14.3  25.1  11.0   0.0   3.9 60.4
2004138  10.4  15.5   4.5   0.0   2.9 85.8
2004139   8.0  19.1   9.1   0.0   3.5 83.9
2004140  13.8  25.0  10.7   0.0   2.3 73.5
2004141  20.7  27.2  10.0   0.0   3.9 63.0
2004142  24.7  33.3  16.1   0.0   2.1 65.5
2004143  19.6  26.7   4.6  40.0   3.6 63.1
2004144  27.1  22.6   8.2   0.0   2.0 63.2
2004145  25.9  23.0  12.7   0.0   3.3 70.4
2004146  22.4  17.2   8.1  10.0   1.6 73.4
2004147  26.0  23.8   4.1   3.0   2.8 62.8
2004148  27.7  25.4  12.2   0.0   1.2 57.0
2004149  23.3  33.9  14.6   0.0   2.3 53.7
2004150  19.9  23.0  12.0   8.0   3.3 66.4
2021151  28.1  18.9  11.1   0.0   1.4 67.9
2021152  25.4  21.2   7.3   0.0   1.4 69.2
2021153  25.8  22.5  10.1   0.0   1.6 69.4
2021154  29.1  27.7  15.7   0.0   1.8 59.0
2021155  29.3  31.4  13.0   0.0   2.8 56.8
2021156  29.2  28.7  17.8   0.0   3.4 63.9
2021157  28.3  29.9  21.8   0.0   4.0 63.0
2021158  28.4  28.3  19.5   0.0   3.0 70.6
2021159  27.8  32.6  20.0   0.0   3.3 72.3
2021160  21.3  30.1  22.1   0.0   2.3 72.2
2021161  20.2  38.5  21.9   0.0   4.0 71.6
2021162  29.3  32.1  14.7   0.0   3.4 53.2
2021163  29.1  32.8   7.0   0.0   2.2 63.2
2021164  27.9  29.9  12.8   0.0   2.6 59.7
2021165  28.8  36.2  17.1   9.9   2.1 62.5
2021166  22.4  34.7  18.6   0.0   2.7 55.2
2021167  27.6  35.8  22.0   0.0   2.6 50.9
2021168  27.2  34.3  21.4   0.0   1.3 59.1
2021169  16.7  30.4  14.7   0.0   1.9 69.1
2021170  17.3  26.7  12.8   3.3   1.9 68.3
2021171  28.8  32.6  11.4   0.0   4.0 66.7
2021172  23.8  22.7  16.1   3.5   1.6 64.1
2021173  29.3  35.5  16.5   0.0   2.5 55.4
2021174  24.1  36.3  11.4   0.0   2.2 64.7
2021175  11.4  25.6  20.6   0.5   1.5 69.0
2021176  14.7  23.0  14.4   3.8   2.0 81.4
2021177  13.9  25.4  14.8   0.0   2.3 67.8
2021178  23.4  26.6  16.1   0.0   1.4 64.7
2021179  20.9  25.1  13.5   4.1   1.6 67.7
2021180  24.9  31.0  11.3   0.0   1.4 69.1
2013181  26.2  24.8   7.8   0.0   2.0 67.8
2013182  27.1  26.3  12.1   0.0   1.7 66.9
2013183  27.4  23.2  11.3   0.0   1.8 63.5
2013184  27.8  29.2  15.2   0.0   3.1 42.2
2013185  27.1  36.3  15.6   0.0   3.4 40.4
2013186  19.1  34.8  17.9   0.0   4.7 41.5
2013187  26.2  35.0  19.3   0.0   2.7 56.2
2013188  22.8  29.1  16.1   2.3   2.7 70.1
2013189  25.8  31.1  16.8   0.5   2.1 73.8
2013190  27.1  37.3  16.6   0.0   2.3 67.2
2013191  15.6  32.7  13.9   0.3   2.3 70.3
2013192  27.1  28.4  21.1   0.0   4.5 63.6
2013193  26.7  35.3  18.4   0.0   4.6 48.2
2013194  26.9  36.3  18.8   0.0   2.3 54.6
2013195  11.4  23.7  18.2   0.0   2.7 74.8
2013196  26.0  28.0  20.7   0.0   3.5 61.2
2013197  20.5  30.3  21.8   0.0   4.5 64.2
2013198  23.8  29.6  13.4   0.0   4.3 63.9
2013199  27.5  36.3  18.4   0.0   4.2 57.6
2013200  18.0  32.5  14.6   0.0   3.1 57.5
2013201  24.5  29.9  12.6  10.2   3.0 70.3
2013202  26.2  29.5  14.9   2.8   2.8 63.7
2013203  24.1  28.5  18.9   4.3   2.7 63.2
2013204  25.9  28.5  17.4   0.3   3.1 61.8
2013205  23.8  29.9  12.9   0.0   1.4 65.3
2013206  12.2  24.0  16.1  10.2   2.9 75.5
2013207  25.5  25.2  17.2   6.3   2.1 75.6
2013208  12.4  14.6  17.2   0.0   2.3 83.1
2013209   6.2  14.6  17.2   0.0   2.7 83.8
2013210   5.3  20.6  14.4   0.5   1.6 86.4
2013211  18.9  31.3  15.7  12.7   2.7 72.1
2012212  24.6  30.9  21.2   0.0   2.0 67.8
2012213  25.2  34.7  22.1   0.5   2.2 61.4
2012214  25.3  34.0  18.9   5.6   2.7 59.1
2012215  25.1  29.3  19.3   0.0   2.3 60.9
2012216  25.1  37.5  19.4   0.0   4.0 60.3
2012217  21.2  30.3  12.7   3.8   2.2 54.5
2012218  26.6  28.6  10.2   0.0   2.8 58.7
2012219  24.7  37.2  17.9   0.0   4.1 38.9
2012220  14.7  31.5  19.3   0.0   1.6 60.7
2012221  25.3  36.3  16.2   0.0   2.4 52.1
2012222  25.2  32.4  12.4   0.0   1.6 65.1
2012223  24.1  31.6  17.2   0.0   1.9 62.9
2012224  15.8  30.5  15.8   0.0   3.5 55.3
2012225  25.1  32.6  13.7   0.0   2.7 59.5
2012226  23.6  23.4   7.2   0.0   2.1 65.2
2012227  23.2  32.7  13.2   0.0   4.0 58.4
2012228  21.4  36.1  22.2   0.0   4.0 52.0
2012229  19.4  22.1  10.0   0.0   2.7 57.8
2012230  22.6  26.0  10.9   0.0   2.0 60.0
2012231  24.5  27.2   8.9   0.0   3.1 56.1
2012232  23.9  29.4   9.2   0.0   1.4 59.8
2012233  22.7  31.3   9.7   0.0   2.1 55.4
2012234  23.1  28.5  14.4   0.0   2.5 51.7
2012235  22.0  33.7  20.8   0.0   4.5 44.8
2012236   6.3  24.4  21.1   1.0   2.2 74.7
2012237   5.9  23.3  18.5   0.0   2.5 84.7
2012238  14.7  31.8  14.0   0.0   2.4 64.5
2012239  22.0  28.1  11.3   0.0   2.0 66.6
2012240  21.8  37.9  17.4   0.0   3.9 58.7
2012241  22.8  35.4  18.5   0.0   3.9 45.9
2012242  22.8  37.1  14.1   0.0   3.4 37.8
2012243  22.8  38.0  15.5   0.0   2.3 37.0
2012244  22.2  33.5  10.5   0.0   2.0 55.3
2012245  22.3  36.0  12.4   0.0   2.8 51.6
2012246  18.8  35.5  17.6   0.0   2.4 48.0
2012247  14.2  34.2  19.7   0.0   1.2 52.8
2012248  20.9  38.2  13.2   0.0   0.9 52.4
2012249  22.8  27.2  11.3   0.0   2.5 44.4
2012250  22.2  35.8  13.8   0.0   2.6 37.3
2012251  12.2  24.2  13.4   0.0   2.8 61.4
2012252  23.4  29.5   2.2   0.0   1.2 57.9
2012253  23.1  32.2   2.6   0.0   2.9 59.0
2012254  22.8  33.1   9.4   0.0   5.6 40.8
2012255  20.9  37.4  14.9   0.0   3.8 39.0
2012256   7.6  20.0   7.8   2.3   4.2 63.2
2012257  19.8  24.8   3.0   0.0   1.7 61.5
2012258  21.8  29.4   6.6   0.0   1.8 56.8
2012259  21.8  28.6  11.6   0.0   3.7 47.8
2012260  18.0  29.1   6.8   0.0   3.0 52.6
2012261  14.4  18.0   4.9   0.0   3.3 60.6
2012262  19.9  31.5   3.5   0.0   1.0 59.2
2012263  19.0  28.1   2.6   0.0   2.0 53.2
2012264  16.8  29.8   6.5   0.0   1.3 53.5
2012265  20.5  29.5   2.9   0.0   1.3 48.2
2012266  20.4  20.5   5.7   0.0   1.7 59.0
2012267  17.9  25.3   4.8   0.0   2.9 52.3
2012268  11.1  24.7   6.0   0.0   1.5 65.6
2012269  13.0  23.3   1.7   0.0   1.0 67.2
2012270  18.0  23.1   4.7   0.0   1.7 60.8
2012271  16.3  23.4   6.9   0.0   1.4 63.1
2012272  17.6  21.4   7.9   0.0   1.6 56.6
2020273  17.4  29.3  -1.2   0.0   2.3 46.0
2020274  33.2  18.0  -1.2   0.0   7.2 45.8
2020275  18.0  13.6   5.0   0.0   2.1 45.8
2020276  16.8  17.8  -3.4   0.3   1.9 50.8
2020277  15.1  19.6   5.6   0.0   2.3 57.7
2020278  17.0  28.3   6.0   0.0   2.8 55.6
2020279  15.6  31.2   2.2   0.0   3.0 47.4
2020280  16.3  26.4   7.3   0.3   2.4 51.6
2020281  15.6  27.5   7.7   0.0   1.6 45.2
2020282  14.7  28.6   6.2   0.0   2.4 54.9
2020283  14.8  31.5   7.2   0.0   2.1 49.3
2020284  14.3  32.2   8.3   0.0   2.1 53.5
2020285  10.8  31.7   0.3   0.0   4.0 58.1
2020286  15.4  20.0   5.5   0.0   2.7 49.5
2020287  15.3  19.8   0.7   0.0   2.4 42.9
2020288  13.5  13.1   4.5   0.0   4.1 48.5
2020289  13.6  12.1  -5.4   0.0   2.3 52.7
2020290  13.7  19.3   2.3   0.0   3.0 49.3
2020291  13.0  21.4   4.1   0.0   3.2 61.9
2020292   5.0   5.2  -0.2   0.0   2.4 77.0
2020293  10.6  16.5  -0.2   0.0   2.5 65.3
2020294  11.9  18.8   6.6   0.0   2.8 64.8
2020295   9.9  13.9   2.1   0.0   2.7 79.0
2020296   1.6   5.6  -1.2   0.8   3.8 90.3
2020297   4.3  -1.1  -1.2   0.0   3.1 72.3
2020298   2.8  -4.2  -1.2   0.0   3.1 82.0
2020299   3.0  -3.5 -13.2   0.0   3.6 83.4
2020300   8.4  -2.6 -15.6   0.0   2.0 68.0
2020301  13.4   1.3 -14.4   1.0   2.4 63.3
2020302   9.9  16.5  -4.0   0.0   2.2 63.7
2020303  11.5  22.1  -7.1   0.0   2.3 66.5
2015304  12.5  19.6  -2.5   0.0   1.8 65.5
2015305  12.0  19.8   5.9   0.0   1.5 52.0
2015306  11.9  22.5   4.3   0.0   1.6 55.6
2015307  11.7  20.0   5.0   0.0   3.0 70.1
2015308  12.1  20.3   7.5   0.8   3.7 61.9
2015309   5.4   4.1   0.4   1.8   2.0 85.2
2015310   4.1   2.6  -3.3   0.3   1.2 87.5
2015311  11.7  12.7  -7.1   0.3   2.0 66.0
2015312  12.0  18.3   3.9   0.0   3.3 61.1
2015313  11.6  15.2   0.8   0.0   2.9 71.6
2015314   9.2  17.3  -2.8   0.0   2.2 73.9
2015315   2.9   5.5  -3.0   6.6   3.6 89.2
2015316  11.1  11.8   2.3   4.6   1.4 54.5
2015317  11.3  17.5  -8.5   0.0   1.9 61.9
2015318  11.2  21.8  -4.4   0.0   1.6 57.9
2015319   8.3  12.2  -0.0   0.0   2.3 82.6
2015320   8.2  14.2   7.9   0.0   3.2 73.0
2015321   1.5   5.2   2.2   0.0   5.2 78.8
2015322   4.5  12.1   1.8   0.0   1.9 64.7
2015323   9.9   4.0  -0.9   0.0   2.5 52.4
2015324   5.8   3.3  -2.9   0.0   4.1 73.3
2015325   9.9  -2.4  -7.3   0.0   2.0 65.5
2015326  10.2  13.3  -6.1   0.0   1.3 59.4
2015327   9.8  18.8  -5.4   0.0   1.6 55.1
2015328   8.9  10.4  -6.5   0.0   1.2 71.9
2015329   5.2   4.4  -7.6   0.0   3.6 79.6
2015330   1.8  -0.7  -3.6   0.0   4.7 88.0
2015331   3.9  -5.1  -3.6   0.0   2.9 70.5
2015332   2.5  -0.7  -4.5   0.0   1.2 77.6
2015333   3.5   1.8  -6.0   0.0   0.7 84.4
2010334   9.3   3.4  -5.8   0.0   5.8 60.5
2010335   8.5   8.9 -10.4   0.0   2.2 61.9
2010336   8.8  12.4  -4.2   0.0   1.5 62.8
2010337   6.0  13.4  -2.5   0.0   2.4 56.1
2010338   7.7  -1.5  -6.9   0.0   2.6 70.9
2010339   5.3  -0.7 -15.9   0.0   1.3 81.5
2010340   8.7   4.3 -13.3   0.0   1.0 73.6
2010341   4.4   3.5  -7.3   0.0   1.1 78.7
2010342   7.7   9.1  -8.5   0.0   1.9 71.8
2010343   8.8  14.1  -4.6   0.0   1.5 58.0
2010344   5.3   7.3  -4.9   0.0   1.9 70.0
2010345   8.0   5.8 -14.4   0.0   3.5 67.0
2010346   9.0  -4.3 -15.9   0.0   1.9 67.8
2010347   7.7   0.1 -11.3   0.0   2.8 48.8
2010348   7.3   8.6  -7.4   0.0   1.9 58.2
2010349   3.5   1.3  -6.3   0.0   1.4 71.9
2010350   8.8  11.9  -6.0   0.0   1.3 60.3
2010351   8.7   1.1 -12.0   0.0   0.9 67.7
2010352   3.6   0.1  -6.5   0.0   1.7 85.0
2010353   3.0  -2.4  -5.1   0.0   2.5 96.2
2010354   4.4  11.7   0.5   0.0   1.6 78.1
2010355   5.3   3.3  -1.0   0.0   1.4 74.1
2010356   6.7  -2.7  -9.0   0.0   2.4 69.5
2010357   2.4  -8.1  -9.0   0.0   3.1 90.7
2010358   3.5  -1.7  -6.4   0.0   3.2 79.0
2010359   4.6   3.5 -13.4   0.0   1.4 79.7
2010360   5.4  -2.0 -14.2   0.0   2.9 85.1
2010361   7.6   7.2 -14.5   0.0   1.6 65.1
2010362   7.6   8.1  -7.3   0.0   2.2 58.3
2010363   5.0   1.4  -5.7   0.0   2.2 75.6
2010364   3.4  -4.1 -13.3   0.0   4.0 85.8
